,D1,D2,D3,D4,D5,D6,D7,D8,D9,D10,D11,D12,D13,D14
0,14.764429078373508,21.258428775684056,2.30587532194131,6.722602473756284,2.305906936035256,5.523299999999999e-05,162.42997881481858,193.36288023650445,38.0619427386887,0.000312726,38.06194273862528,37.50000000012236,0.002072597,39.16493508988368
1,26.289687429159933,29.393840750602408,30.32835429099523,29.393785279085595,0.02515806,2.305168106806993,167.0536606389656,189.95071751514286,48.3932760729737,0.0003433739999999999,47.95194458049105,182.9653066841239,0.002238546,170.63540430445778
2,20.167143588097687,8.170400000000004e-05,4.4776999999999995e-05,15.467964960707112,3.2610404660887946,18.446294614380694,107.22578448060122,162.07084760401807,0.00010729710000000002,0.00019052100000000003,160.95150351582768,155.74724826145356,0.001043736,373.11620864068783
3,21.258008465178484,32.15814437199366,24.941266946817287,34.27778762042981,7.290954503104189,5.155793674110701,174.02141107971437,22.88420153835449,33.57271655364073,26.541727180693474,42.29704745975558,52.27620835501471,47.95211059446881,115.79602177990137
4,20.16906580328637,26.98983058412482,24.94146552027788,38.06292993266345,4.893536869990453,3.2604589594233433,172.43378678169404,19.701522867443128,32.8120746570821,26.137978671421024,39.434811118346424,46.11734554334786,45.91387056422413,110.35322441387366
5,24.45744174131924,27.718149189672864,16.386286103940733,34.58657274476626,5.879863736098035,9.917862746981449,175.9816170743094,21.25790390674263,32.812131812446054,23.34465026315875,43.045340238918214,55.816487440429256,49.04924359643093,115.12793529055537
6,24.456197628190733,30.763456415355222,22.70966671197312,33.57269511756386,8.152620051198747,7.291930740788077,171.78477200805702,26.087881172657994,37.641297131514946,18.009125070735006,40.10299161139889,55.53115898615122,53.77888292454014,112.70189891248569
7,22.884241393525684,32.60860951586121,23.73959633199931,28.473999989716877,9.917876948056987,6.72284536817565,175.3763533939147,24.51248322938512,35.12119787786862,23.344756019962116,43.900757274193005,52.580574439095834,52.8070829563263,114.68876068753805
8,23.057762622403757,31.657481187899972,19.835913164194757,26.541749864634355,9.78300722660881,7.29188749119737,173.348883245806,21.446589540436708,38.37594798946371,24.510461791753862,44.76992360836862,58.5372914418474,52.80702867386057,118.07994972194751
9,24.511257669680184,30.763390305016262,21.259430625278362,27.331222861155922,9.783000000016518,8.152442819572588,170.69773817883708,22.885410140217324,38.37610572411912,22.88434953634562,43.07527753853573,60.12765605470582,54.197879609187865,118.58556932968752
10,23.739706915427583,30.76283606163657,29.394826192646118,54.419739737011106,8.313369213088286,8.313457050072481,174.0295077593396,22.8289487204716,43.90049498775289,24.672500470411393,49.667841231177434,63.77526978040092,52.275886267993805,126.55549534304575
11,24.672538251853727,31.657530696404535,19.635045591763348,23.515141401791,5.1567196576142456,5.879020231920427,169.14122031249963,20.431204734195816,43.32188816032892,24.510357840921074,48.173958477382975,65.72457071631953,55.650347452879394,123.40806232413544
12,25.310900118773,31.657497124801,19.56579901306573,32.813420259499786,3.646234882667882,8.780635174258384,171.3277813973492,23.34560659391176,43.32094072564356,26.137874316961035,48.85818368693187,63.77496903555255,53.902747979279255,122.20701282548492
13,26.541766471617752,32.6086366614215,19.633040319275292,26.34015643492569,4.891225068843611,8.15221194990818,164.1642605577111,23.344014187248003,43.900796440271804,27.76495001671867,49.04866179923993,62.04176062694846,54.025917292910066,119.58964483934407
14,27.909172918252178,33.61301992192913,16.386314767776316,24.073486328085988,8.15204985737463,8.313606423140547,155.72169729684634,35.90657271453782,55.43485542222458,38.06301459046295,59.10176330819737,65.23739540482603,52.27581930175487,120.13357767453236
15,28.8909549301751,30.063708344369033,23.344512011008078,27.33117115178673,3.645737119831344,4.891578395450817,126.83874187628516,60.65549690970299,60.677531981006574,41.56820386486141,61.97799911225155,73.36916707126126,55.530908993678125,128.84627795510133
16,26.541607243877078,24.834221325743282,25.520343081999844,28.474344838586816,6.721672250928349,1.6310700640756999,94.86012043807963,96.47229154271133,61.04926385268449,44.14264465432949,59.101328652896285,70.27950636097279,60.41408347924014,129.17491841378532
17,25.778893740611966,18.22906393560352,19.901696131393432,23.344775287596097,3.2612297946934308,6.522466715643448,65.58315545657823,129.8631249599894,59.34867870108514,43.168703027382925,56.15017164029888,67.34223911883332,62.04179520264779,126.30354382184001
18,21.444501492241795,18.00803069880791,22.175413656801876,24.07361748085238,3.645842736734011,6.522293131322497,55.33920652644082,147.43468253110805,58.44662341506574,41.27952468804991,56.94871189933219,67.16541506113538,60.41407488454727,125.38495799643967
19,24.238016731261105,21.1960005432723,25.779813322022378,18.590228695699242,3.261376032685614,3.2610053192382495,50.77993799717604,148.01971707452608,56.5263198778965,37.53545950090613,51.559081263172374,73.82149652507954,62.29839143720234,130.1292368711615
20,25.311692093155717,22.826000224866693,24.456649239635663,25.520244919887084,5.1554613411410255,5.1568552481929935,53.03350263389545,147.290768625818,58.33234707095758,32.973970600672395,56.22127509194841,75.44191155470125,58.78652659499198,128.56729813169852
21,25.311479533690587,22.884138942266524,25.7791532475589,25.52024581988237,5.155787536742039,4.892201428010159,51.89290276900688,148.75489905460662,56.14884880564717,29.752773069011596,52.63004223258535,73.53311990443682,58.71874338846406,128.22481438288213
22,24.238224508795053,19.56518222382209,24.456410725885732,21.874560212173986,5.879403748837865,3.261195846250235,51.893560235400784,148.75488285257032,57.644896308116486,32.64976423473713,52.20001910017182,70.58146555419351,53.902963307287756,127.34112916941807
23,22.70967465785361,19.566001075364582,23.059090133225112,25.7798530540035,9.783027544488679,9.783048100652637,42.6728856667562,151.66531700128638,54.002041495825914,27.71805806437798,52.199812471552164,75.44184930706831,55.001178916857974,124.78979513455886
24,24.941272208654446,24.457000092839635,26.7421216920172,26.988007361806066,6.72163279654575,6.523039146903853,47.283093544154035,150.21317726968863,56.22033586761314,27.76494644200437,52.200024194699196,68.78903537935405,55.817523695056934,130.56666270578737
25,24.238021145877426,21.195009221334175,24.45641677278508,21.195616208095668,3.2611196317352658,2.3058755339612094,49.58921611411198,149.52076213583877,61.04837560369586,38.062957302894695,55.36357035650876,71.03190320260602,52.40297759938734,123.40830597217722
26,25.310727320020128,22.826004114321528,24.45650483420849,25.520282240403212,3.261091335986951,3.646976207920209,50.72777803589552,149.52071669254718,61.977285621572314,41.05351434108319,55.17056270582535,67.56009725535932,54.197891161563405,127.4352465645245
27,23.739481217682886,19.565005770781898,23.173071385053134,21.87597317910075,6.5220729573350855,3.645892477109157,46.173678822900776,153.29592473004962,60.148787062276845,49.58784527546857,57.62190449392771,65.40020565914695,53.90376198352046,121.83598992903508
28,24.238020645476112,18.00804237423046,21.935071314446173,21.87587941521564,6.522077402992518,5.155719229586613,47.3949996191889,154.7204498320281,58.78576633868449,44.2920130775245,56.94872437686111,65.54330079745478,58.718634898968794,120.2659475629258
29,23.344128983872626,19.632871712767844,23.172349291711676,24.073403844968933,6.522438029456518,6.522279388079111,46.63179276386281,157.50428121918134,51.17099452912967,32.60900309614047,47.952459190332206,70.58135783198058,62.15001982902678,126.98540477956422
30,21.753139271157412,21.196021681449803,24.23803645018816,22.651471059616096,6.5222372974690686,3.2612831469647277,51.89306947375115,150.93727384495853,55.458381602980396,31.36276343447817,52.19880346426897,68.96252774081074,57.1581252578287,127.43434357297444
31,24.238036430883447,21.258585020833692,23.514054313269057,21.258428940973257,5.156969828919292,3.261262215159153,49.69560044478612,151.69160804774188,51.04095227560933,27.76494873252534,47.47991597823471,71.03089883151391,58.69604825428795,130.89267079155184
32,25.77984720139163,21.19501208427796,23.514660273735267,21.257621982905313,5.155808612216023,4.892062615878975,53.03354418493748,147.2907442832754,53.308102269058494,26.13794123911337,48.64092138058938,70.78817427785795,60.32605567342992,128.92880975140983
33,21.752019835361505,18.00802122238931,20.87980977264936,19.70141736304841,3.261080482588732,3.2611872305994876,53.08301185352435,145.83056537455047,52.68088954121791,23.05785630335481,52.198864797159274,78.87012982448803,57.15810993271761,122.58695329350097
34,20.623427202502025,18.228068433298787,22.1754036382826,21.1963589904059,3.261184752872667,5.155906582614175,55.53045958316858,140.72882997346306,52.680874167515526,21.444578506131204,52.19889029637467,75.63540546487708,58.78653370708805,123.7950860326986
35,26.34108395989803,22.884361283986216,24.886802175627384,24.072566796576243,6.52100261953823,5.156201237073762,58.37830615704055,133.46756126450506,50.33268467595673,24.511384735032998,45.477397076477324,74.25238138380647,57.088440798562736,126.55628985805845
36,25.779841547014925,24.23878788468347,28.52180910654501,26.541762144052246,1.6310147097218062,1.63000007884938,75.8636491422847,113.89747320669235,58.33230666663242,34.23907810648462,56.221274340967724,75.15940790177658,53.82973813365486,129.46278706924517
37,28.474342177010534,25.5204782751202,22.70868419533284,26.889925202824244,3.261197691717593,4.891110800021218,105.36213213956529,74.3777137593827,57.25215583697184,32.608078958351484,56.948687058615974,79.90867591406496,57.066001333557324,129.06171206376396
38,24.941472020848817,26.74105951708434,19.83493933080967,24.940451100457054,1.631176392712912,4.892346296786538,146.5574027050079,39.47004781576306,47.47867932883341,24.457053789744087,52.680847306068614,75.63543493488987,57.15811274190304,126.6292951765891
39,26.341069553455338,31.150802892685526,16.305052831286662,24.835197168201077,6.522153988762043,4.892153968240207,163.96979279159086,24.238409321304005,49.507660836367954,24.510340696390863,52.503474813192945,63.774859529080956,52.402869723494,115.56485476950289
40,26.34014174400254,30.328415982599285,16.38637148568777,27.909172332702468,9.783081019506346,11.757771767167613,175.82319150510742,21.448843822662415,43.50525774515101,26.138003084023037,54.00198970191397,64.91230444047734,51.19717908392817,131.50020363708782
41,22.884127119250167,30.76288621218044,14.674168529343836,41.79098088284991,9.782071183196514,4.892004509008899,173.7543505345104,16.79149634436473,41.91848258829079,24.510689283237365,52.90786429143,65.25937195733374,52.807175217062735,132.05520781104684
42,24.941319808542733,33.61275230025309,23.739523612135965,27.90852142252775,8.314018220790816,3.6461355291986113,174.41872940012257,23.059494077445983,39.43582737725439,22.88453739431233,46.14435859441565,63.31446176637394,50.780104376592305,119.29025514413824
43,22.17650776086225,29.39321433431577,21.258591429951334,32.64888699246284,8.313367291534806,9.782004886999523,175.30086480791047,19.56674856355573,38.755210624639474,26.138111166540675,47.95276879631136,61.72065431648557,49.587842560327566,114.50287904899419
44,23.058361680266476,32.608854470536436,21.19548568653091,37.251051771221114,6.723454426178545,5.15549740845645,176.35794584569894,24.673054192217496,38.16785320840001,26.541785121941558,43.90127597306375,60.87539816707469,47.0572512079531,114.97733950212229
45,23.344506965812357,33.01406095875057,22.709905643892018,41.56819135145029,9.917218045399553,6.7216470572270035,177.89678820014296,23.05849702438497,40.268831702616296,27.76491813776052,47.53478081214062,62.2994872038242,49.0492466056613,119.42342597429864
46,24.510645566777594,32.15677094400034,21.87430813078721,44.859968906020484,8.314725660187179,5.156541827439152,177.41030299478905,24.51108431481255,38.755434415735834,28.474796552468582,47.39480397927563,58.898508595770124,47.0572486226997,117.84382361311927
47,26.137963542051658,31.6576016785948,23.73955087566809,44.353537593461105,9.917325305431879,3.6456887888951988,176.93751693598034,23.345217694504402,38.65195203605142,26.890027045088345,51.04094317067225,58.78579758379149,50.226867893874065,117.07365884785119
48,22.826453016535464,31.36262779492719,18.590341794800402,37.641607449695464,3.646738991976276,10.937520904951072,176.47882316701126,21.2586229709852,36.458215854333176,26.890000073272788,48.858161085152354,56.03061983504948,49.58768874099773,118.2599507421314
49,23.05876928056657,30.762896905600137,21.75280683017948,41.247967691761815,8.313365467508074,10.311239120420401,174.29615342397267,24.67333812761493,37.53507232287696,28.474242847411542,49.774826556039876,55.6503871132832,49.5876721352285,112.70097007329791
50,22.826322197869764,29.93094427157108,19.01449372379606,34.3940580400262,3.2621638234707278,9.917885141344357,176.93752304185026,19.566148417921806,38.755480872258566,26.89004481078502,46.143832613283834,54.419390197695336,49.58767790434324,114.00252185883596
51,24.672458710550956,33.92677749765478,23.343883659437303,29.348397403392323,9.918054946798605,3.6461446168413376,173.24087148616837,23.346025936575284,43.04555089831041,27.766102894320294,47.53530936767561,62.04327254983408,50.22687254667591,120.71857607191966
52,26.138019074373755,33.01363790219574,21.874821589345505,31.02219215398948,5.880013588039548,6.522098067857911,172.74094558114194,21.26033156897122,41.24812955524203,27.76609496890955,48.94106179010753,64.60373487179454,47.7297217423981,113.9552747217883
53,24.456293835605116,31.657488501522284,21.875988677761985,34.04489900411849,4.892718894122216,8.152050972214525,169.63573699182066,19.568188201451488,40.761689202990794,22.884506500553815,51.170969032225386,62.99890936723439,50.96205797654782,117.03943261500122
54,25.77991990697128,33.453478455478106,22.17579189748641,27.331062336238308,3.261119623169956,8.152084080198494,161.33811222230798,19.902773746767654,43.32200889841854,24.51035844344748,50.332684756165285,68.6524485900235,54.41911771815822,122.20672302535786
55,31.149167673797734,31.14909448350143,23.058121405467187,26.88968741962175,5.155687687640629,3.261419174982596,131.02403304814686,54.80871035820099,54.80754788812927,34.39401258392982,56.71450152220912,73.38718041991591,52.58015190163108,130.80136208354335
56,24.23845741508187,18.58994643727724,25.520448056443048,29.974863586312146,9.783225946491342,2.3059120178534336,70.24233589494207,116.72111835673611,62.405427221935945,37.53545414572374,55.769145708008764,74.25236748027163,51.19718089794816,130.28255709151225
57,24.940295632370173,16.305000336786144,23.173745437291736,26.988070904528907,9.917238080218189,8.152192604290255,40.76067983600192,160.41418291952488,52.503656090052225,33.254686430589665,50.62222846549677,64.06532879662603,49.02158460606107,120.65203799164378
58,26.541546279689435,18.009854136632654,21.93511328671094,26.290251443482365,5.156382605866355,6.52208903482938,22.651647346534446,169.56530807427086,50.227126426426224,27.71800119465769,42.32870043279486,63.31425384649201,50.54300018062372,124.43762445931176
59,26.541544250440346,23.057857454646236,23.17337053812467,27.71678218952274,6.72173799599956,6.52155527310788,23.346311817021526,173.48620446106634,53.082412328815664,35.87000653543862,40.76044238756983,57.34433862320003,50.56930135279126,124.26629893477056
60,26.54157340637337,24.238158900936014,24.456596754376932,29.16643842853234,5.156512670078582,5.157169983142419,24.675758705239513,181.67563946996998,48.64037934859926,29.393288623729163,37.640965043209256,53.40770561694641,54.02589624190212,119.11124070002796
61,26.29004082773597,23.05807192881176,25.77977406325011,26.339821780378752,6.723184846492071,3.645874911865295,22.887753259112195,187.75482350483276,50.779514922920505,27.765952841494506,27.33105909441006,46.028980253183164,57.27444844977773,118.20404266922478
62,27.764912405543857,27.331581562892186,23.058840178244864,27.71762040410718,6.5220332410475255,9.783041367719008,18.013928039846945,191.04587010117845,51.559558810241235,34.58733254747908,23.058218365297975,53.40745064939823,59.258402096749954,121.77107478131765
63,26.541584356893527,24.941646527840042,27.7650684005263,28.47436513320444,3.6459441954456424,5.1581157058446205,19.56765605625837,186.24857091455036,45.68130466475162,26.137971017347375,33.61260190536023,49.50685174251761,60.67753104435153,120.36510304381493
64,26.137874230728926,25.781135306394077,23.058046470063857,24.238207525036184,4.892148698521843,8.152224007493706,13.051529474865772,188.20834930104112,43.80952758217549,24.510260651743398,30.459315526971352,50.570539481845564,57.15834945489815,122.67338853581147
65,26.29008150384335,26.29062976218535,24.238090166503802,25.780005291395916,3.6461133816886133,9.783004570930672,16.39271443152479,188.2083583453958,38.479383442780325,24.510279724791737,31.657131875812862,44.35271826576331,53.90400891223617,121.40988571879043
66,26.13789567106142,25.31125057766182,26.54158944072487,29.165989270092854,3.646305365443725,8.152378914157556,13.456952026502318,182.0626283760115,42.67259387581086,24.511269259993874,29.528658238459894,52.68121848579057,50.962075902384576,122.32578513934001
67,28.474246818100077,21.446125380464427,20.752629091764607,26.988965194774302,8.31383067972911,8.152002605760423,19.019678939819812,171.75360340833637,45.30111796396463,22.826133552463222,38.75509640711716,65.25823656366698,50.544026572302116,117.57201863070824
68,23.34446612453433,17.935126975579074,24.23878427585423,26.989030105644844,10.312305466814742,8.152009150006931,33.61263649165893,160.35616228393633,56.87918304157782,27.765888796331677,50.22691949315556,68.96156727887784,51.196392553094306,122.20689328758223
69,25.520575622783788,17.56011651202465,20.752294054693802,23.344406895346598,8.15206626794095,4.892840793875222,82.4459401724806,101.67677662744526,54.662247394315386,24.456166424640838,55.72180028378167,79.9078896415723,53.829697102572524,135.3358426584752
70,26.98902404647413,21.258797574153654,20.880692274800488,22.650515975171043,8.313574226091726,3.261704640525435,102.83425279133095,74.80429109431604,62.97816159227253,34.23931307881692,62.74508708890991,81.5374776171155,55.458959768513736,129.1759288505523
71,23.344203993445774,25.77978468376685,21.87494736158753,22.88419957449631,4.892408612626296,8.152009598871969,126.17703302112783,55.650846030696094,54.19765420406504,37.50001014723288,62.913849081389394,70.41170976169403,58.78668471701357,121.19102272240511
72,26.339802867660904,30.063865569290964,18.229165197257363,18.59004087576813,4.892475899239971,8.152196001133726,143.0332527368751,42.79788389947349,52.50347186678329,40.79358836235329,60.67806060111336,65.54220542522185,58.786547486442,117.99000142510451
73,22.709934901933263,23.173136323165757,17.935464876375217,23.739480182069784,3.2610106111082784,9.782067716715355,151.13895929951508,31.31987296714976,50.35903914739844,31.362749787918787,53.97692697341948,63.60789685164904,62.14885078359153,114.47917578810141
74,24.673591987167736,31.320034174985235,14.674042646894721,22.177584953653444,8.15216747773411,3.261024788502042,154.6764969692228,25.468602682758743,46.94492703945,31.020992541097737,53.97692483844938,65.29952168755331,57.274222923844675,120.62000085161624
75,24.673472886332366,30.32852184098895,16.38640665630634,25.520954154735254,5.15630300957425,8.780101665478755,153.67739801755292,23.05735195977921,45.418694003678795,32.60901095381438,48.147227670401115,66.92749530950175,55.457962369003766,122.98665000965146
76,23.05776257398559,32.60874367476307,13.445549556072542,26.340673491169536,9.917930161109439,1.6314108062903432,154.1698582932851,23.17242440195866,47.5339569186912,27.71803425802845,50.35953559970306,70.27947096758882,52.17300966807113,121.40959332343616
77,25.311689917949725,31.319146082509988,14.764254667243597,25.520721244400647,6.522301062730056,4.892202738383131,158.1774948579439,18.44579694026819,48.6409247480095,22.8841492411008,51.7904472333277,70.27949143216395,52.275811753203676,125.38414716636235
78,25.311685141590743,31.319156881582185,16.3862743142673,26.989053398828865,6.723049800716682,4.892284455705269,155.0198650123306,18.447716742878526,42.32866655144045,21.196000845540834,49.58799179340188,70.2794735965433,52.19945852064145,122.58691322965774
79,24.23808147377477,31.31986644108501,13.145591402847812,26.988941026877264,9.917045290458036,3.2610461226937266,157.01408158414623,17.33377004415781,43.90049501392857,22.826010454034986,46.028981838771564,67.3432269731877,52.19945573822804,123.40820991802337
80,24.673618898516903,32.36245419973162,18.229242703842214,24.07384560765744,6.522296049126383,9.782000221779217,158.17742589858415,18.448127264326498,48.28329362931732,19.566002885953175,51.17100404122462,65.40122206673179,54.19774286265441,124.17107960047099
81,24.673680671244057,32.36316208026471,18.229275001318335,22.651899743103197,6.721987972884896,8.15200591825894,158.17751152683965,17.33167780837516,46.37419159753644,21.19603601566752,48.85906907347311,65.40121735051038,55.816232960340734,120.25466348612096
82,27.3310578265101,33.45342418924559,19.63278665919907,24.888085654056386,1.6310004125076405,9.917061197431421,155.43964030024105,21.93581832548436,43.32206281068647,19.633797880081104,49.048738753826456,70.1269909451898,58.195189308395605,121.50860722935121
83,26.88975741222117,32.28109863749569,19.565010031056563,23.345139639886536,0.011099999999999999,9.782001663617965,147.58833238775478,36.89268329749105,45.419357080513905,28.146395073655164,53.1085453488381,65.23737960325789,57.343083638381366,118.11437256940826
84,26.88968294671858,22.177120415536564,20.16813928357921,25.77921393232069,4.891050709406276,4.89100612901366,107.96640335245273,73.00629887991336,57.43635213654188,39.26664472220775,57.25178939853691,71.9056309461171,53.77865709538873,125.92353018278192
85,26.137893697255414,23.34433457682203,22.176438676085464,29.165970979955503,3.2610015514808923,4.891034302591241,56.87869690043695,122.5328556066172,57.04197713916098,36.01705183577699,55.72176984435571,67.81530683783792,56.03119188266569,124.17026163614686
86,26.889946107563457,19.565000001116303,21.935966882966408,27.717223573021045,6.522215368876505,6.522003877685438,35.795732933116035,159.28241775607708,49.77563497857722,27.717007048638656,44.85956999392906,62.72461369494464,53.80403690962684,119.15622047385628
87,27.861090897194977,16.628169880870114,19.63286954827432,28.52066027310981,1.631000051532773,8.313632384754312,19.084795669325455,172.74189408581125,47.02860582905141,26.29003167615964,42.327702691926234,58.19511012794965,54.41806792444471,121.68346727243085
88,26.340832630166354,16.387074118588107,20.75235688005091,27.718117214688988,4.892346320582835,8.152114633996796,19.902307945178876,170.14413651121495,45.21365717532061,26.137874305197435,41.24655927427315,55.53103370210825,52.807325271735735,122.5866354364832
89,25.78036154811244,18.592265134058568,22.17699562097857,27.717653684490806,5.156573698292345,6.522753478239204,16.787834980970004,171.7847872615834,48.39412164067693,27.71806144868762,40.268802517962044,59.25841105005302,50.77909926954831,122.20666806230415
90,21.75323472526149,19.83801915112056,24.457281588549137,27.135863519251192,5.878851884536931,4.891568412662874,15.384791126767889,173.34804314466928,52.02143513384803,27.76604223455719,38.37584628522317,60.50266580530339,51.196197990252465,122.58570224738851
91,23.344656940826503,21.259839475558657,19.632806821457223,26.339911134393954,6.522591687766136,8.152009603476236,13.148041235505788,175.85304898584383,47.029424275736794,26.13794206397398,37.179191392505004,55.363386321367386,51.19728237783885,121.41061842717575
92,24.674179266168988,23.345206045190903,19.632830859542576,26.290278754166938,6.522343343302995,8.152000500991385,13.452156661177543,178.9098734528339,47.61885264133409,26.289949720877605,34.586579989060084,54.1977887771023,50.64810882045969,117.03941060783845
93,24.67393575815274,23.34633331842978,19.63351561434163,24.073367002527895,5.15604232726188,4.892009173813496,11.765095991307378,177.36605950958764,47.9519529817608,23.057952017082886,36.201916993984185,55.72178953225133,49.345914144608216,122.19572200216031
94,24.673418873925208,24.83618760544385,21.935198167107618,25.311507562915494,6.722953382102898,3.26154404920427,11.877107425032452,175.82222416291384,44.051680902207416,24.673458969587266,29.347004057426762,51.815660498440145,50.96205835760421,119.65671169816025
95,26.889934130478,25.313853378718196,21.935056645208743,26.989034118474827,4.61215966231883,8.152000986759065,14.772070154146448,176.84783584959874,42.671899292396674,24.672832450726183,24.511355658544954,44.769926049850135,46.115524885575134,110.88189621142874
96,26.989074602741685,25.313789612421843,21.93589878295729,25.311685812245667,5.878450122627986,4.89214560387724,14.679225971496022,169.2671037671167,44.97804442466747,19.835006526607543,22.826447451799787,46.14394530855564,50.649090239973646,109.91800848593601
97,26.890041550993786,26.293448696434044,26.54169571629294,27.860841248507935,5.878461560517426,3.2625509257934637,11.535200988479042,175.37638536142805,47.61899938759588,24.940430277250663,27.71701679111733,53.23373643500754,52.580082957400876,120.13390216656347
98,34.54799877105481,26.990640544108064,25.779009592642772,26.54163322854129,8.152248487196417,8.152431880083189,9.230686655699957,169.31374587209913,45.33085042675915,24.941522235092176,26.087970957050846,52.68109251519863,51.19619209245397,118.69790127014598
99,26.891133201377514,21.4468787753922,25.77977850980961,27.86070989215327,3.64691782382892,1.6316025429754923,13.845296200934092,173.81500365079884,54.49145071662614,24.45700035771938,39.13004408274664,66.6095867683175,52.807020450794504,124.26637913774047
100,26.98945774590935,21.754119284470306,31.14973510497916,29.393649639101454,5.878525929899092,1.630062087016622,28.845853658758262,160.35491901844046,47.53588019129388,24.510306841005132,42.67234219042701,68.44010503750147,55.650362988872104,121.41055567362535
101,23.73957158816848,19.083890209349338,27.669106586034957,27.86098820120218,3.261058631491491,1.6316578896631773,50.57093056402829,127.72655840755355,61.37495144577169,21.19600761156143,57.343334977236935,79.89214182124682,57.644453374970325,133.27730818279855
102,25.52025481435799,15.467737568418856,17.63626452242222,24.941505948779955,3.2611991367472726,3.2616025065481473,92.9490513024472,85.111409868372,57.34427174676119,24.457157653215294,55.76925649453208,83.21593481273709,55.43403556445125,130.47575960343403
103,23.34437370301398,20.752173024549688,16.78672954517011,26.98891567094289,3.26148596348354,4.891725416055279,110.88208807482458,65.48137410711537,53.7796074244755,24.511542963443397,54.19832843813763,76.78594708989735,53.82871662947054,129.4628034388641
104,24.834285626082387,19.633587419302753,14.765216197569314,25.520538624845457,3.2611365419074616,4.891815682365924,131.02403242884336,48.146773450337044,52.63103156188382,24.456025460273015,53.107929102161734,70.18479961921766,53.828687041325814,128.01782085020525
105,20.625017205422786,20.880091442171597,13.044345641375827,24.834551865919117,4.891091667820712,3.2615629683342244,136.17829482542862,44.770496904688514,51.06671907551423,24.672365372631496,53.10771908801566,68.65252686175536,53.90275369857534,125.20428327134131
106,24.510607044657966,27.717197389529158,11.413278705837335,23.74026239164991,3.261444277702925,6.522627170281973,148.71817963498282,34.66349459379183,46.40344349383265,21.258735793765467,51.066955120612235,68.6524873222297,54.68618042779138,124.77894585361732
107,22.884149098602613,29.9309550444018,13.930410037382229,25.5215307258257,8.152094162184572,3.64614334348167,153.86624653858905,27.765902802279385,41.05361476284656,22.82606286592554,50.56939710318223,67.56006535183965,54.68618497302734,121.00399911816899
108,24.456299237667974,29.16599932387718,12.417355649339182,26.340706965761143,4.892466420735554,4.891191628183836,157.0390161164922,21.260561580008293,44.77052145608133,16.30417002311623,52.6810789752496,67.34323732176293,56.29165293082996,124.17009569213357
109,24.456159987792834,29.166022112353172,14.764969984297585,28.474350003276996,5.1572263420688875,6.721879294052249,161.47890595883257,11.873523102004057,41.27948868797103,16.304054463481314,51.04097660105741,67.55907292867983,55.81734304297471,121.00402013072996
110,24.51160478902684,29.931028183458846,14.76480883635421,26.988083541845786,4.611772263768447,5.156426956093623,164.06055623085328,13.14523480188192,39.26664391773982,21.19601149626445,47.53444993592593,61.396315091996215,55.81733880459913,118.69692260731836
111,21.258662216364353,29.93088878623954,15.032015490250638,24.238082429083057,8.31361019940252,6.721815730763242,168.33769034807014,14.029515953316247,40.79361337831442,19.633784459603355,53.233315261313564,68.43986876417308,53.82874442055306,123.74231269791623
112,21.444453935063386,30.63255347177118,11.529668227957998,26.340153319277114,9.782025268356076,8.313562671322144,166.48037081790767,15.467955887912332,39.43548445899126,16.385286916805093,49.58797660243968,65.54241495329435,55.00115442735344,122.20700670834154
113,24.456238088295528,29.166040709211785,13.14545915695177,25.31169658709765,5.15571409382343,4.892000605017288,161.40560445674868,19.903570841371767,40.76140141066398,15.467697226080427,46.403268934100026,66.86791764089804,59.79529233334681,119.2893649708259
114,23.344239513449235,29.39343407494415,13.14477044241397,24.833841136009763,6.521330768620865,9.782053521877794,154.30717053523216,24.889268180300512,43.3218873881823,21.4444926573031,50.2268676508938,67.34335912300577,58.53682799927505,119.4235007505206
115,24.45721120847926,26.290256000692565,11.529184781122336,21.258575812845194,3.646179369017529,5.156726644609524,143.6735778238459,34.58787264344972,46.403290379485426,21.25863451146205,50.62240963074168,67.02672834320734,58.53660488828431,119.73470773384597
116,22.884392509503574,27.716735599716177,13.930270368696155,25.520402898293696,3.261340601606823,4.892224380690747,132.7087687347384,41.15166981244009,44.85994033900088,19.632962225156284,50.62244977807696,65.23839272691015,55.81734240905434,118.30564304826761
117,24.238203073267805,24.457271081486105,11.528848473056097,25.520501071714715,1.6310284056006177,5.1572757272661836,151.7276602672632,23.347092538593344,44.8600132866307,26.890579473053553,52.63100643870694,65.23745059718749,51.19619178063995,118.51886711346815
118,24.2380293312744,23.057441154343326,13.145615416602489,20.429232544398353,8.152008942930808,8.152002114121462,124.17028047487415,46.02951997108201,49.04829185083831,24.511329205468467,49.50778211425727,66.84802347043852,54.41807615305449,119.73452978851793
119,21.75308527811631,23.058800575490125,13.04305315461718,20.429849906796235,8.152033458146242,6.722651085721753,125.28925212007705,47.951961556567205,51.559042071785484,27.718003329594232,53.10886098976997,66.84801494301696,46.37472735201187,118.30459714237121
120,23.34444246651576,24.456432524250587,15.032395883440783,22.17704902083089,3.6461949995974083,4.891656871270121,130.4449779103941,42.07772828406979,46.02985064715457,27.9091677611323,53.30822182975646,65.29848575050569,52.57894704912604,119.92304048725302
121,23.344571925953506,22.176383100813005,14.674919363770625,23.34558294475618,3.646374098817714,3.6472429943737907,139.77154104709132,34.66476814935547,48.476053432020464,29.34804910541698,56.149264570454285,70.4106537367835,52.580160766804696,117.14098269640529
122,23.739614817438834,23.173093325328473,16.305143494689183,24.673096649881654,4.892346094550543,4.892547069223653,146.48515936873784,34.66518211998668,51.81532301560985,29.393257585110337,54.686195532820015,68.55560684838278,53.90276958793488,123.10571674373509
123,19.632943703685893,28.520569788531706,14.764883592760798,23.34548044149066,3.2610575095647714,6.722849428932631,151.63863030880114,32.36401599603118,51.17064825932046,32.64972601283053,56.14882782696679,66.92749522549622,52.4028430529735,124.70384392733101
124,23.739289065165913,27.13598556874145,16.385695416385833,25.77992673626988,8.313703418466687,8.31388032184792,158.35339786737651,29.029132459273814,43.32221344902065,30.978192081335283,53.97736418209116,65.29847905637685,53.40770499884086,121.50861605441754
125,22.176769891929915,27.135828200178626,18.00926104911474,26.340303204282982,6.522184216993559,8.313843029952011,159.91582186745484,24.88755269922135,42.7963814925855,27.71800032643986,48.85906172036287,65.29849109585453,53.08328022205319,121.50861060857216
126,20.623127719754233,27.717176638593024,19.632873198694092,27.909051390410998,6.52219680359991,3.261364640426482,166.08827428800205,17.024360868967698,42.79726140316342,26.137879251463808,49.58794598074782,65.40041572012618,49.881752997967894,119.03302947199434
127,19.56705751077563,29.93108151566967,19.632888304608286,76.64793157876922,4.892461097811631,0.06057170000000002,167.67397266707792,17.33286440529893,40.89134140787567,24.45619084904045,49.77508549747177,61.11522930051243,53.40775991275689,126.83936346604787
128,15.032171550216395,0.00029010700000000006,2.3051681122384045,3.261000006176533,2.305371402337838,1.630000000199576,141.9982971062682,167.20501003562904,187.21628705382122,188.70826195261074,70.01351881659708,40.76044013719827,16.30572932132902,17.331975006531483
129,16.304315705316025,11.41300003552218,103.76085089099686,195.82175621806738,3.261370528668001,2.3014000000000007e-05,109.28851892246188,83.51877210383486,28.891965396104812,24.238410589891018,78.43119234583394,67.50072853289616,55.36366990678386,118.12515763321177
130,23.34384664643126,31.657476116388224,32.36303990667037,3.6456852625096543,6.521010047407326,3.6461324717181234,131.02402394140927,166.79947394701233,47.02859203753613,1.6300000436769841,47.53477734280597,151.77060748709764,0.002584135,36.017927596022474
131,11.528951832533922,0.00025388200000000003,1.6300000008511264,11.528810391015952,1.6301160906543755,4.16005e-05,167.9419103622782,54.66145768927083,175.8530366556388,8.071049999999999e-05,175.8530366556125,161.87373475031276,0.0003540705,78.29419267958589
132,9.917865319241676,1.6310000152776085,1.6300000003938002,11.757702710415591,0.01580327,4.997259999999999e-05,171.31918896942594,53.63076615354688,1.6310000095626074,0.000262444,184.7578039624347,165.57557754998578,0.001562022,1.631009844205976
133,13.043006331798367,6.9176256835710515,6.522000000102291,1.6310000101121636,3.260064363360321,4.7284947999999996e-05,167.96565862439155,55.16961261680072,40.367486088291365,27.717588242923018,7.5054e-05,172.3101313910663,0.00011333220000000002,90.66158703510159
134,16.140419440314055,1.6310000041687396,1.6310000000254723,16.140419387927636,0.008063634,5.75028e-05,169.5963541649981,57.250848898832245,85.48539904569564,6.0613100000000004e-05,39.40190255558822,39.401902555725655,0.000144826,86.42897571105752
135,10.312188648284083,0.00032200199999999994,1.6310000026385132,14.674000001350842,0.022547560000000008,1.9205399999999997e-05,171.26585268917637,58.332305429327526,41.790946101393516,38.75483871735845,45.3010284210085,195.76060763342016,1.6310000483054519,72.42096341588022
136,16.14042124084509,98.16615169192181,11.413000000000826,10.937055728811915,1.6300134543901994,196.85768035310116,281.3624276009745,56.71450185646386,124.81082320058914,0.0075184011,0.00015921499999999996,0.0001906206,57.781907116391444,359.7016841104751
137,17.33137179453513,7.32773e-05,82.83213603427123,184.57721884623595,92.99219508360017,171.82274093089396,171.69114093220477,53.4067274580511,2.306582321913512,0.00019153939999999998,196.53332197112672,40.2688002802522,0.0009675529999999999,196.53332201810497
138,15.38184556333248,2.30658232783569,5.155777535930922,3.261000003549414,1.6300552717653127,5.6748299999999987e-05,171.31968384915393,40.76000032043603,92.01454768157708,14.673000000166521,4.48079e-05,41.56818765607092,185.44765119301886,362.01498863118445
139,16.30440005866912,1.6310000200626846,1.6310000008163905,3.2610000047564225,0.01904143,4.602950000000001e-05,179.37664432769748,56.947767414908206,66.52890946048652,187.2162348008399,126.17657197752783,181.65212383292797,187.21623480092333,80.55336530461834
140,6.722851228880333,1.6300000375914996,6.522000000447567,8.313559107570368,3.261085173321996,3.261000000227077,176.56839820826877,53.7788794548899,47.02942408847295,44.76992222467864,86.65869840934627,179.44417570100399,1.6310000133065492,63.44053748275957
141,2.305893087212052,0.000383394,0.00011142989999999997,17.935000001472208,0.02875958,2.3058753218963046,177.72447493198544,54.19730810704924,13.14557328604824,9.782000000207553,91.53664238981074,172.8649570734706,178.39713323375045,95.41854223920826
142,13.145449353422391,0.000373515,1.6310000020524782,31.36261787604335,0.02614905,3.970142e-05,130.159357579428,188.20760618264129,41.79094610082533,0.00033475499999999995,42.39076923126705,48.39411834102399,0.002170044,0.007878436
143,13.145449874786314,0.000295277,1.630000001162607,8.152000002264513,1.6311530025108547,4.11672e-05,138.8263880571871,24.073367923077402,30.63253071491879,29.930884467622406,184.70017611524338,89.258457369663,0.0006821939999999999,184.700176233882
144,26.138191760103076,30.76378217868121,21.257704718239196,37.8176195488019,4.892001264955327,8.152000000496855,190.70482762378262,16.387072761954805,43.044034388436394,38.37591137593587,58.445707660694616,66.20935360736443,51.55904234600832,134.02322423208045
145,16.14042119696053,38.20210779574013,2.3058753219179526,45.681304370875864,0.01364428,5.0811e-05,145.92177433492935,173.31813057496444,40.49898829683367,0.0003953959999999999,40.49898829656955,159.16585136897578,0.0026809060000000003,165.06902489795254
146,19.63388659609256,30.328354541619973,23.34393524624338,29.974815776295944,9.91808240657513,5.156411276226901,146.8933666220513,27.331060933920572,47.0286570150938,30.4585575986331,55.45955135488826,63.67063281598497,55.363579114240935,120.75114600245023
147,19.83699596059854,30.76303776110052,18.22910401310173,24.073765475112523,6.723501900370729,8.313650136914873,150.11459437699017,26.290461785648496,45.941881412024124,27.718221943156486,49.5068552768304,66.92752073432273,61.72016161881311,129.06271069294007
148,19.084151624654506,31.361990131144267,14.582851847054071,25.311066945011707,6.722947835937438,3.261019433024611,148.40613447766708,26.542326897421848,52.09780904129318,22.885304936706106,56.94907105484698,70.10906409195883,57.89750704672365,138.58700270783265
149,19.632781897872686,53.77984949805638,1.6310000001818652,58.69600000008889,93.16288711713851,58.696000000038346,2.305168513385768,65.25820149751604,0.0002509186,2.305168126231029,16.7863450467701,53.083268220958,11.528818132100758,76.42243497295006
150,23.34448905514448,24.457361255281533,14.764432210265396,22.652430843580618,3.261268850558806,6.722845044116622,151.8499821591036,32.608753791308956,48.94066103278578,30.45850506928349,56.71624105469895,69.42327808277483,51.06647675006472,133.70495294726962
151,23.34434842685836,21.257986787614747,16.38538359805377,22.65150591448092,5.878645912031867,4.891091729054485,150.00889631197003,32.812514108334454,50.3590836660849,32.64889060101868,55.45919440761801,71.81311578722152,49.58771961532011,135.33586271889078
152,21.196000050835654,30.32783481876801,16.30503653124473,19.701327152076754,5.156503205664178,6.522000701056071,150.00888142917753,31.361770156260253,53.30778293649517,27.717000026367938,53.30769160061285,68.4973970705229,53.90276225489834,138.9319033595887
153,27.331664254728654,32.15760437889587,9.783449353387041,24.887556538055122,3.6457133150878915,3.261008828222358,148.4496277043048,25.52036779217596,49.66785073389951,27.764947335918368,53.977839162379595,75.00008309137318,54.19796881640939,137.5758110622428
154,26.139395809874763,35.79526329026947,16.30503098474116,24.888361008993936,3.6457241233472595,8.313609330152822,150.71605338377591,23.173066749445294,46.02915834549195,31.150163800188928,53.63076631340329,66.84818867213485,54.41806885745695,129.3096942996027
155,24.456460975066737,28.52058093275126,13.043685159910243,24.073390008744454,6.7216410155999435,3.26102045416765,150.3186873426858,25.364004103653944,44.531964204336724,27.76494828642782,48.17393379877839,66.86795274500464,56.949013286837626,129.17591750996007
156,19.83727795948853,31.3618021451717,14.764291565478176,20.879184950605737,5.155795273144203,6.5220108727508945,150.6806018370927,30.0642126137938,48.85912561613367,36.457927220997156,54.68682899779468,63.58732291594921,55.81636376700472,122.22828220270075
157,26.13858139783447,30.763364802068544,13.14445697143791,26.341692714729405,4.891869931989627,4.891785776276,140.8700183628614,35.90624594255658,49.66786439418475,27.717069935433205,51.040517708398355,65.23748999051756,58.78646203056119,121.19102750529105
158,21.753105399324674,28.521792879740953,13.14474228626979,23.34490090185955,4.891093637441957,3.261625380301079,143.25639200542278,31.361747046682527,48.17340431913359,26.087000074610504,51.040523080572854,65.29947797154281,57.088392273135945,123.83735225576577
159,21.444880417349044,28.522354920566933,14.674534816499477,23.7397355540359,4.892066606127161,4.892143332847188,137.7403414533143,37.53543314690233,46.02862576844532,27.71805023407025,49.58705478399386,66.86789882218758,53.90293705192478,120.89463556446655
160,24.23844155366204,26.541682852024262,16.386903263005163,18.229654999315837,4.891413350037102,8.152043577473368,136.65561265970697,40.10404001648165,52.09746727277849,32.771862263600255,54.80810888285921,65.40022021430514,53.828744961994246,118.75399345524865
161,24.23826449901261,25.364046483174313,13.146187752607862,18.590436481429926,4.8914498190439035,8.313562812549206,129.9445789679294,44.53237676182166,48.47603155992779,27.717043028575816,53.97692240032072,64.1074251483481,58.78652213088035,124.10625124442561
162,20.623546800552397,24.45675056868146,12.418282186068017,20.167329514227326,3.646074583022287,9.916916023597036,125.80722431384636,53.63186235228927,50.2268858451288,26.13789696460837,55.434765584932336,71.03203646788549,55.434028510593386,128.92810365400626
163,24.83375371809962,27.670150980257116,13.93118200565754,22.70964204672974,9.78302669216482,5.1567732640824255,123.8485671334515,57.829111670555854,46.115674664540045,18.0090742433129,48.14585341642517,72.40303417765926,58.69611461846521,127.9038920178392
164,20.429263829078195,23.057344316860824,15.381087592092523,23.344160931202534,5.155570177301554,6.723003241680731,120.65290021278761,57.78345379399617,46.68948789905193,22.884213860562525,48.1741090850096,74.01835762150255,53.82868620240681,124.70457452174627
165,23.344844761308632,23.058957023387563,13.93089448898959,20.42987525312442,9.91687605773152,4.892109468984561,121.40986741341447,59.95062988600718,45.477392644396936,18.008929513479586,48.17391334688208,68.65246230601674,55.45799913701018,120.61957028363989
166,23.34444776476245,24.23876574396311,16.304783255354977,18.22915465550729,9.783056069903939,6.52231083535392,121.74832236228882,56.31522796958238,51.06681620040322,27.71800034181055,51.04049039529826,65.40014744213593,52.17300684068428,125.44814159475462
167,24.834173874902685,21.93600455882893,14.583640588654267,21.8745903278104,8.152009675754794,6.522283522095245,123.84852969920803,58.44575584027333,52.63101523882367,29.348005640213884,58.44570471511118,75.1593852284567,53.82871518228029,123.36512817326414
168,23.34484390937374,20.75226431057287,15.467662047375116,20.429189638466028,9.916884154818773,3.2612135673218012,120.13288511023636,59.34884588334162,57.34433829369877,31.021855356604373,59.79557498487331,80.04163673432028,52.173008192557226,127.058587020913
169,23.057967310836418,23.173193138126276,16.058086210799726,21.753288187585834,9.91805753102941,9.782001846867574,117.84392639495539,58.26442254814914,62.490383664895965,29.34800095653961,60.59029748618153,81.53833859567544,49.021529263504725,133.06760939633844
170,21.444683090120876,19.632785972003507,16.786643661439015,17.56012615099573,3.2614814169784547,4.892203002481439,118.31633210361835,59.10282984961056,56.94870871509573,31.02093505368525,58.446696149671254,79.90862986869837,47.3953301492442,130.59802847013958
171,24.941288627425497,23.172300228710053,19.01477169103072,25.520272131857833,3.2610212407924895,8.31348450905538,117.98998206268406,58.44674533091609,56.948689078378194,32.648728349820324,59.348703279930916,78.53229087936165,45.91338450937399,130.4452620110098
172,24.51066693859343,23.17337179604589,15.032155617872005,24.072497380912207,4.892322289467954,8.15213699603489,117.98999095587095,61.97795357502535,56.14926608850374,30.063960198047663,56.22006061686609,78.68448765029139,49.15693307270017,132.1062870252126
173,22.884152866525994,21.935811600033023,16.058723218206957,21.196721113025134,9.782076766848478,6.5220195302928134,121.19103697499858,57.042277559235814,55.45828358383079,28.89095391624094,55.36261878395137,78.87009964569611,51.19725630280619,128.9700213060621
174,24.673574452554437,23.173260794112146,14.764309682311938,22.650547432113722,8.152183979975042,8.152035193380593,121.8473291369427,59.70633124071172,56.22023539118033,37.641521248744475,64.50004536554836,72.64117773394167,45.47743531609506,122.29389192104
175,21.753229319561026,26.740427716639786,16.385284199796505,17.560096426075127,10.312197248630246,4.89200017754736,129.50435161534412,53.2335525888262,56.52727103820087,41.91856654798595,63.58708424082678,75.63554052842831,50.22696465487029,125.58538150707828
176,24.673447820794692,25.467817267624774,16.05782789127647,18.590010040584318,9.782233632543479,4.892062775260391,126.97529502130814,56.598197179164025,54.27168467264527,41.91833919678425,62.085124184610876,73.65834988832691,54.68626867830211,123.9237543455653
177,25.77900424265004,21.934398470049207,16.627960076384845,21.258430946202246,4.892328135176949,5.156418331271755,121.19106284941286,63.920631769096296,54.00110454537316,30.063961420955938,56.31478188452438,65.298492292936,64.33422446796126,124.0095129450684
178,26.341524784696247,21.935115353225964,15.467715077678687,21.258458701159412,3.2612342678686526,4.892216332507017,112.92478636537663,69.36551720923455,51.79044545510414,29.528857924628543,56.94777907744047,71.73900324185927,60.52397221022866,127.26803503064242
179,22.1767405939144,23.173098403641138,20.429736610291418,26.28966070753628,9.916895420131425,8.15221280887685,108.3965595037512,70.86346360266496,57.78315451262275,27.764974263025916,56.220346263708066,78.26102445201072,52.19948194442395,130.68960683127116
180,23.34433934015033,22.176802895805803,22.650579160433164,25.520244453525855,9.783043425447998,6.522732274568429,109.14150624774251,69.09731207319264,55.17059242369651,28.14622698862229,56.22136256981467,78.27801912411527,50.569309373252956,130.59795976725954
181,24.073422202627636,20.880131535046456,14.583641333032062,19.701296868841947,6.522329580956783,4.891376013066327,111.37261081743787,70.86294027521112,57.25092176162404,29.528645379929106,57.782193341329695,78.27804327039279,49.15693937398488,130.47573270840692
182,26.34115906169064,25.779007211091745,20.623555741929252,23.739533548303452,6.522091523484213,8.313806409559078,108.39654208802504,76.90761223301034,55.17058132538991,27.718097776473225,57.78324291601843,81.53830190236727,50.648151682003416,132.06602703032306
183,24.07248780561662,19.901866253710235,17.636244890987427,19.014220916632052,8.153371901236653,3.2615088751287784,108.27417358253487,74.80426800120452,59.34817063711167,32.770719699433656,59.95053091572241,79.89104965736549,49.0215291649536,132.07505978627003
184,24.94127693800338,24.88674989410234,21.258686952924478,25.52027127461696,9.782038736676611,8.15231324509956,105.72739530380998,76.00379597697626,59.79467978411491,32.771678339938575,59.10269864439857,78.26102013653973,53.8040000790189,132.07605872052488
185,25.520300818688582,19.01457512667125,17.635626084169136,19.700744834574397,9.916982566346713,4.892445857687176,103.84912402088109,82.44585958292062,56.315160473265095,36.01793418000544,59.95052544732939,75.01772153499797,54.025853731053175,132.1556068796064
186,24.073792860652354,23.34476941525877,17.56124239213261,21.752009561021172,4.892079154433313,11.413005476856767,102.08101494353416,84.61026003242952,56.87906344453294,39.13001574969864,58.33230532924025,75.00008675246633,57.06503146521054,127.43501649117297
187,25.311884562241225,21.258542311091897,16.786580524317564,21.19551155211937,9.91786633275773,6.522441233921173,100.6257013185372,88.25521883820193,54.001133303849336,32.608001148364124,56.8781876075991,70.10803214402921,63.58700203949722,127.21581242761863
188,20.623556526360044,21.874558955013384,23.34388417228024,26.988007487375345,8.153492351036052,4.8921652063093894,91.89934867003362,90.26550771499842,53.976956455980066,35.87003262512653,53.23236120220146,70.12797416476826,60.52396766986624,130.59796183855863
189,22.175766629291598,20.429263460580188,22.650515983470314,24.834124085965367,6.522480040093887,5.156814645612245,94.86014181168827,89.71785099318637,56.71456074765574,30.978000429250585,54.68622249925083,76.64838552576917,57.088307259679326,134.1822549235082
190,23.740461911443607,21.258724980047237,18.58990095292918,19.700795162665084,11.413150475677137,6.522793155659863,95.07052409805671,92.80557702787952,55.770174149635025,26.137937718403325,55.17058627790329,78.27799368812664,55.435007176794564,142.18496692823243
191,22.70967570933201,19.01453209137711,17.636147327968207,19.701257212454653,9.782135988443406,6.5227581973733235,105.72775010787967,83.93133898447005,56.22004706511237,27.909170719054337,54.66211792484061,78.26103329496814,52.27581743130871,132.10526050961238
192,22.17666804804036,19.90176874505787,16.78660142453432,21.258433228017566,9.78312350473831,6.522285483523023,104.19460885007429,84.16906827841227,54.19810485861729,26.08700205040143,54.662415927220216,78.2610503938515,55.45902591343987,140.3022773125371
193,22.17681713467111,19.90250917151929,17.56106825604459,21.25857818783301,4.892286259401468,3.261239438054769,103.64477720571462,83.58288342297637,54.807623733232106,27.717015155500135,55.722121007244446,78.26101925754352,57.158257364159326,140.25491526414226
194,20.167115458064785,19.90179464660374,17.635719297692702,21.258434824449612,9.783278252906598,4.892395294789701,99.61676322630922,86.9197722045349,53.63088725464191,24.457003042392596,54.198273146661585,76.63006848223941,60.348072642445935,138.58700027019745
195,20.168171114061945,19.90172676501979,16.058225577984814,21.258457460877352,9.918018644358366,4.892427369131238,100.21559060057727,86.0893273604155,55.170629336578294,27.717000175490913,54.66213585593919,78.26103047566119,57.08833833894107,136.9657175971889
196,24.07342819402411,17.635748518589473,19.014362569733567,20.62343605562491,4.8923285522543765,4.892711269201914,102.66481519213245,86.78153198603734,51.17020327157426,31.020857078115064,54.66211387479574,73.38811020102611,60.41407567396622,130.44519719163387
197,24.23847138252581,22.65053072154825,18.589245112117958,21.87428379967677,5.156611448185809,3.645784624040314,104.19493351776555,83.1528336092486,51.79091350633839,32.97381341862179,54.19895799385856,70.18480580521826,65.29848175075439,128.8143346670286
198,24.94056124824943,24.887591390616894,23.344946594928537,22.65062668552812,8.152109739533792,5.157467324877972,100.57260690622148,85.36076319334695,53.233733671576466,27.909405318161234,54.80714318842048,68.49744393906678,67.342241757605,130.52671777135353
199,26.339893567848478,22.650548802432937,20.1673365878591,19.70075833794514,6.5220909258243935,3.261029730871031,108.80094222528955,77.45895890363472,51.7905147339247,28.146217827647956,54.198572064435524,73.38812616820987,63.60692698914562,130.47577231061166
200,23.058343149435583,20.879964575222786,17.023157404946936,22.65052851385647,4.8910260332330715,9.783246135287008,106.29086682465677,83.93226969759225,53.308103415066725,31.14923347453676,54.1982829343488,71.81314258487546,57.644338767464895,132.07507224610205
201,23.739281096321545,25.779222444691385,19.835258670846592,23.344025901281125,9.782015535888132,8.313822402454582,107.81851226853807,83.66229466612752,51.040657812395175,27.90827502584049,53.10762040678465,73.53284244556374,62.29923787320027,132.15553826610164
202,24.672517777421028,26.289761459063108,25.520315357356584,23.514116823293154,9.783041002110556,3.6464165818408207,101.72994756736371,83.85254936719994,55.459194496945095,26.087001227584697,56.31479473739666,76.63100644546498,63.587013745544816,132.10625462058462
203,23.058002634903183,22.6505204772165,19.70005572850561,22.650615593685252,4.8910997293814855,2.3058874994318117,99.33660399034385,89.0632949100147,58.446629739876514,26.087004417195114,57.828570034511806,81.52205460173717,57.15822403983848,133.7059478806094
204,26.98801659990784,23.344507062002634,23.344349537918546,25.778892882014958,8.152048810213282,6.521113279415502,103.63173516670649,88.25430327050852,54.19827431017627,24.510434992433062,54.19827448523281,79.90762656567462,53.829714718551365,136.95700306395776
205,25.779836179099345,26.98805611424806,26.988231023940806,27.86108929222696,1.6319331242550683,1.6308236980973712,99.98939786729598,92.05879079472024,51.066737023257986,17.934094345173467,52.63008139406983,76.63100314078876,58.69602003260562,130.47577824048915
206,22.17576973641499,21.25845052890131,21.258476340060287,24.834150942993695,6.52270054532815,3.261171420359376,99.3366054051621,85.68671396775639,53.10853397401509,22.826095871800927,52.63005575924666,78.26100005277131,55.43500130988184,130.44519747727784
207,24.238030961892317,24.886952357094348,21.258758267819886,25.5203568342374,9.917056437688034,8.15202825702271,102.34238774034553,83.93136143079788,50.015103063119234,19.633921108841875,51.06670581123628,76.63000048843209,55.45803856859063,132.15553828618272
208,25.520251603110914,19.70099724464449,18.228471707935554,24.238356798605086,9.783117754581175,8.152009036491846,106.87814408994188,81.66817016128253,53.63171584985893,19.566001869411394,53.10789390716376,75.01772012413134,55.529962012509586,132.06601237458202
209,24.833753434253865,23.3440476997121,24.072544213340663,25.52024388263414,9.782001285535888,5.156015978582347,106.87717949534414,79.50800827983072,50.01511641314038,19.834909146000232,49.50671397747502,75.00000061978776,55.53086498252033,130.44518481650772
210,21.752031738465845,20.880050110668375,19.90285109424568,24.07336671520835,8.152292559410864,8.15202991303741,101.72900543518283,83.13647634624975,54.808456717992016,26.08700162226396,53.63173138957965,76.63001200673679,53.82873559751948,132.06500291399712
211,25.520244666224002,22.650653747828915,20.623447519483257,23.34386899442766,9.782001396520538,4.891279787934462,108.99561545153043,77.45902418997149,53.630772613476395,27.7659858293428,51.06670054999148,71.7575730604463,54.02587346641174,128.80401301855423
212,26.340156134900667,24.073444552941012,21.874616311172392,24.072557338908243,8.313404379685238,4.61228657663167,108.99560622773167,78.8708982299883,50.570247470781965,27.909170121704758,53.107896477125934,75.01774088181611,54.025850199376414,130.44520221173335
213,23.739663724026283,20.879277820852792,17.02197368853215,19.084052798528496,6.522411689821843,6.522439200750101,109.34916239237296,74.4302367797417,52.50446582731823,26.1379793056284,52.68087915207037,68.49743098887078,54.0259109106975,128.80400157909895
214,23.344412178297052,22.1763943877529,19.013912156339643,25.520244026203397,9.783123675639873,8.313524587957245,110.50900963271448,75.23065383998116,50.33321729896958,29.752822183332118,54.80806731008163,75.01771059996146,53.902732450925235,128.89783100303617
215,23.057814271524105,22.1770454265441,18.229226659329925,23.34420109049446,9.783007321726915,8.152023062460122,110.5090248017853,71.59150125324321,55.45833011176321,27.717030886061483,54.80714271953462,75.0177895108772,53.82973290307618,127.26802087549956
216,24.941459889469726,23.51480821372914,17.560596873480698,23.34414317796485,9.782023270651617,8.152047425601113,111.1215191172842,72.42111919013985,54.80719094451549,29.348047557402523,56.3147862711405,73.370098576419,53.82873303600065,127.43501458230891
217,23.344405970047735,23.5147858803966,19.014065296970053,23.344209010191495,9.782020327282334,8.152089886128877,110.91748699154006,72.42195884969779,52.68096308245263,29.39329487733861,54.80806495033852,76.63101982294206,53.82868659206105,127.68512427745311
218,26.340876662671082,23.514187596750205,15.468244794107575,23.34438417900126,9.782009651144378,9.78304246544123,112.40504427578249,73.00630852172239,54.80717992920461,27.71702412138596,55.45828274695399,75.00005579912037,53.829727508110814,127.5497363183106
219,23.344822541412096,21.257585310452413,20.6234663593708,23.344402727297325,4.892108194970284,3.2613578684297724,114.14210348369731,68.57625366993709,51.558735655085414,26.137951862264913,53.631480679017336,76.70037359374766,53.80401176499355,124.08449973175863
220,24.238617315779344,24.887225133805664,20.623334712967175,23.057889770250583,3.2610078099827953,6.521534526629158,112.29899646904956,72.42188644562334,54.19827403366156,26.087015525516087,53.631456023969456,76.90795973456008,52.19946907197456,124.29866344314901
221,25.77917258442562,24.07259479435612,15.468199396382333,23.05779341902221,8.152136845344643,9.783156311835686,106.47899153744744,75.84588165985018,49.048044927211116,21.195009707033037,50.01535621512344,73.38716794052108,60.34905812995865,129.46383594179676
222,20.167262406200837,21.257593121722472,20.623504488780757,24.238305427415636,6.522256071485092,4.892811194442716,105.00790197384167,81.66848944600217,45.41825067187769,24.45703735574922,46.94437295949104,66.8678709925887,59.05632714242375,129.17499156719575
223,19.083770404980513,21.25843400693931,21.874594559752854,24.238257259043703,8.153278548291135,4.892731462077186,103.54241734632649,80.96583513757813,43.90119958032626,22.826005165982227,44.53232074182524,63.60791423714621,66.86692410378173,127.68513038433015
224,24.834645460653544,21.195393560812402,17.561108852474646,23.739477596232508,4.892183646115604,9.7820336580346,102.82032804450998,81.66849270208233,45.91358240030959,21.196132580047703,46.40335005774047,66.86687271569699,66.86790344786981,126.06171147491811
225,20.624483889360715,19.902521092977086,19.699848020099665,22.709785050109975,9.783244633771773,3.2610229185143407,100.66581608093014,80.53760096374762,44.77043522054425,19.633801458806772,44.53228706741524,68.49842361214039,63.60797176795806,131.0856056457726
226,26.988187198648,21.874678418317405,15.46765063153493,22.1767316599106,9.782018272046406,8.152378287728418,99.98939712699966,83.28074721982016,44.502366338340735,16.62692235802173,46.94455996890458,73.44248232233029,62.04280826771611,131.085522446683
227,25.520291780811014,21.874363905522756,19.901731177915764,23.343934523219662,6.722674450684108,9.783008706666136,102.14651786542666,80.53732704366419,51.481906527038305,14.764258015384339,51.06669996869021,75.07087012540447,61.9571641565375,130.93337941076106
228,25.520303298727196,21.258724178202645,18.5898597360396,19.901705637493617,9.916947480274796,6.52250861181556,103.84909698987089,77.509983219722,51.48192083595755,14.67404285931989,50.62214609581232,73.3871318086368,58.696028469664945,129.06171225567792
229,24.07346637838924,18.22856200530848,21.874628552329757,25.52025728640096,4.891002427532483,6.521642278496744,105.97823109404895,76.00380553094456,48.64095635048432,14.764498978944065,49.048975065231375,70.18480007589791,63.58704010669724,127.21580477186679
230,26.98804393682362,19.700927132502287,16.786360282344926,21.8742619742828,8.152051600059075,9.783116555578106,101.48091799772183,79.0211403772308,50.226901498304514,14.674008022293547,50.22687783617568,75.00000139683749,57.06508507432867,130.80136263157053
231,25.520505739809302,21.874694084857992,20.429670283476977,24.83374408789155,5.156576941347423,9.782030746459386,102.83367269502203,79.49090964817555,47.05708528605699,13.043068471842341,47.057004642650185,70.12794589437298,58.69617036343658,128.84527622072744
232,23.73950732974755,22.650623168150116,15.381210960841816,20.429669582003143,9.78200019776578,8.152234218029847,102.82027070708503,85.31447856925818,45.91263755433906,14.674002669353728,45.912730684781415,71.75754272815466,65.29952543212943,127.18444956733316
233,26.98801734533786,21.87447719987924,18.589931948234764,20.429839466589627,8.313394174500912,6.522441129243684,100.71864538836891,86.04251724838514,40.76140371259071,14.764643804682873,43.32191420612334,63.607920498883786,71.75751983498843,125.63824531331373
234,25.52037925709338,19.90284915484023,19.901689137295868,19.90169999042388,11.529037971730403,3.6458330207205245,97.88082043742854,86.78153314723009,41.24748950475668,14.674091473988035,41.247502489362766,65.54224736537006,66.86689544267941,122.38077479295188
235,24.238190703651153,23.34391861134289,15.468085482861836,24.238037445061448,6.522024885899231,9.78302142620706,96.78825791036229,88.9591413735041,42.32871570031512,14.674230997962665,42.79734939985054,66.92750295844627,73.532845757527,126.21882663019736
236,26.340142981150468,22.650810092591062,18.590075151544937,19.90252114536653,9.916909151242727,6.52239188979048,94.24137974538722,92.05744306032038,48.28432406190684,13.043016416520938,46.40233928400778,70.41072545715254,66.92752492626575,127.54976469217833
237,22.651385910926564,19.08315149059357,19.70116781897564,23.73952666826605,8.152652139608112,3.2611280224510946,94.24094518360474,86.29069814488166,45.095738802539636,14.674032149824738,44.85987889850863,72.64120070260138,65.72551182448224,129.30865435574725
238,25.77920384629289,20.429263173996286,17.635877513277332,20.42972721219783,9.916898194546354,4.891469323890746,94.78915818730317,84.56246519674376,44.770469021838004,16.30409686060534,46.40333837818563,71.90654350097984,60.5250360104495,132.42685307377283
239,26.98801524895851,21.195867171470613,20.880593559142728,21.258501186494634,9.916879082279955,4.892917567312627,100.66487653829468,83.02425468263529,47.98059397034891,16.304144819675766,49.048276850030064,73.4424631444382,58.696000018633676,128.9690181567168
240,25.52040277474167,22.709822842388945,22.65053435003295,25.5202913726439,6.722692626757219,6.722848868747946,101.36343480072692,80.53787676477123,47.72971433139076,14.67405504820107,47.47867896198902,71.7575278526818,57.06600465556183,129.30865372070141
241,25.520270843663862,19.701179096417803,18.58986286393746,19.700838245766473,9.78201450559734,4.892986919346966,99.99031133948283,81.48880569018078,50.22686759723726,14.764465575514828,50.622143652986075,75.28296035741236,61.95605018292191,127.54977404016692
242,24.238028864101324,18.229825008492035,17.02210982791979,20.167119697629026,9.783261644385343,5.156602163552679,99.1892537736141,83.02458663465967,47.057058088964624,13.043027898403446,45.912697137245246,73.65923355176594,61.957144556622715,129.30966114507
243,24.834120308305877,24.073532217328587,22.65075022068806,25.520253143368983,6.722624964409354,8.15208023737265,99.17497933488185,81.49002336051012,44.77061565059649,14.674050884426405,44.35220526458539,70.12794580694992,57.08930559954679,127.6840979226214
244,26.98809358715747,21.874786353982984,21.25842878047121,24.072602876594427,8.313444648429476,8.152090055263418,101.36342160042197,82.05793804417672,48.284258439094074,16.304166109262074,47.47895407500291,71.75755379522694,58.696017488379084,125.92460672303933
245,22.17643364221796,19.014780573772857,15.46796672998749,20.167129679168145,9.783276558532036,5.156741132119119,101.37607976489116,84.78295113974146,47.478984640786386,14.674000499826251,47.478994604402544,75.15934892685138,57.0652719738501,129.30966852052612
246,22.650611991026377,17.023240586786077,19.014056522684637,20.42919260875952,9.782444209612276,4.892420306825773,100.66578514132392,82.65485605068473,50.22686959877395,14.764338387289875,50.62215099152231,73.53184563549662,58.696101784327126,127.54978089128383
247,20.623427039956297,21.25843371507087,20.428802118235573,24.238208682082963,6.52260658297035,3.26127179897901,101.36340344364204,82.65469469976316,45.477415462423565,14.6740046859243,45.477444437655045,73.531869770874,60.348188095738976,129.1750174861084
248,25.520320773915927,22.650679640835527,16.058107221619352,23.343921263667422,9.917070800572601,8.152109713591734,99.99034245835463,78.43049257192902,49.881762506521014,19.565042087834208,49.04897503170089,73.38813172683335,55.43500051987431,130.6884980072089
249,25.520246674888103,19.701026959510557,15.381114107714257,20.429301215300725,9.783037546018997,4.8927266113856716,100.83726302503783,76.9077417771823,48.28433200808462,17.935004831814936,47.95238842534351,70.1279724884335,55.43500997349968,130.68849788893652
250,21.874161257764364,20.43004120876997,18.58998673184105,19.90169784575068,8.313672977597554,1.6308367149276426,105.36204936620805,75.15942264462318,43.90146082268294,19.565042630943815,45.91359775652163,68.47900052952191,57.088305580311285,128.8978276637184
251,25.310937693519822,22.650613477552405,16.058283379085776,23.739490664279725,8.313407497581824,9.91804515597632,102.14652436396145,79.49107244941655,49.04897509034033,17.935016589544492,47.95240184394874,71.73900485429715,57.06509353380926,127.54973933284586
252,21.874559069905484,21.257621979180623,24.073370600319514,22.650722080357564,6.72331252209776,2.305722711810978,107.22516105238942,78.07450011965499,43.900501349382026,14.674238327037285,42.796987472987695,68.55561412783973,63.60793267668188,127.34112846303503
253,20.62342753383214,19.901683297355067,19.013908364979134,20.62331397453321,8.152439997976172,3.2610420929146495,104.2717437755361,81.66904297367321,43.90050813582771,14.674005947829823,42.32876747680706,70.1838805597905,63.60795755446867,128.96902802943782
254,21.753209059670315,24.072488160886536,21.8746569595412,22.709927751403626,6.522433406030347,1.6302090748318099,106.57880188446202,81.71693616579422,42.797260503065,14.674000130098031,42.79732752146797,68.55568389879524,63.60794745801992,127.21581184514827
255,23.344840025438543,19.014769515191517,17.02181846726978,21.196321613797075,9.78312396241622,6.522777653497138,105.7904078107826,75.86385439531338,47.478957196871335,17.934267987117984,47.952412483929365,68.49742715975428,60.32700568976055,126.06070949667426
256,26.34043861728715,23.34389943801937,22.17580803934828,24.83383300365463,5.1555775247435305,3.645825186616025,109.43398618987733,76.05593094202449,45.4764632106942,14.674001091576933,44.85892626326519,66.86790342939904,63.58713238008142,124.18086786472914
257,26.340729144677915,24.072635004661173,23.34493812301519,25.52042790442391,6.721776157584797,5.15689570608671,112.31128141154957,77.4589699918185,42.797286084343334,16.304001349260556,42.797266672362234,65.23740325838563,63.920687167063804,129.17499342389675
258,21.19558184014057,24.072487338236016,20.1671997108237,19.083176156843024,9.782266875247513,3.2610519947135397,106.57879969346266,77.45854541452037,45.912636520551,17.934164326601056,47.95239358143188,66.86689799657775,60.34901742332649,125.80739230932295
259,23.34343007178506,21.87460861778519,24.073377673706258,23.345033780233656,8.152414317004547,4.611791226974715,110.86952989083005,78.29508860017742,42.797291400880546,22.826106739381487,43.32189735605885,66.86789484543083,57.0883120990015,127.54972898840413
260,22.709037772451413,22.650536506492703,23.344478388217155,24.07281442810541,4.891175890356039,1.6308407554387354,110.8695395229118,79.69212252027287,44.35219288551608,21.258714775531345,44.35223577881235,66.84803252807764,58.78651854158458,127.26801866870215
261,23.058019153471964,26.289693606891284,21.752674718353582,23.739797843091388,4.892019244982992,5.155955647281651,106.57880430814498,82.51033865673432,46.403263035332806,17.935013251380777,44.859886778669036,70.12700400828894,61.978464272760746,127.26805780693454
262,22.709639109020667,19.90269164370907,19.014734552978265,22.651407538213306,9.91834120526541,8.779837911071574,108.6536189351447,78.29505218885005,45.418624190261596,22.826022335322136,46.0285408608599,65.21801967038255,58.71778407785817,129.06271006493625
263,24.672509611112474,26.290358884071583,21.875120605254185,25.77913786034538,8.15208242612161,8.152459375178555,106.4660604891017,82.51026489224702,43.32189090554678,22.884125007616632,44.85987960981614,65.23837019999058,60.326001925020655,125.58536239732759
264,24.23810694112962,19.014065991805527,17.02278768645793,22.176804906403994,11.41302078382242,9.78349777513653,102.83409359292865,78.0736520483293,49.04865404142141,24.457034964116716,49.667876805301226,66.84800472202495,60.348082081415214,125.71229598268658
265,24.073502592262834,20.428436862753927,23.343872344271098,24.0734798426651,3.645771951200976,5.1555017944639125,105.72710779621318,77.45897289835501,43.900909051097045,26.087040902916,46.029855816333956,65.23837959675724,55.43401388838448,128.84627513142252
266,23.344392167376192,24.88727476692949,24.833940074636345,26.98902717671389,4.89100007952603,4.892755887227663,104.27174641757384,83.15282485326175,44.858927389702174,22.884171321309044,48.47614624022888,67.02678263400112,57.06500058972764,127.21582361177585
267,26.98803447563355,23.34492316488162,21.195385485556276,26.988023681659136,8.152065744803568,8.313517125253108,102.82115914615243,78.86952498969163,50.62216274825572,22.826034815045954,48.476413109072645,66.86787001324396,58.69600432474957,124.08454635712589
268,24.672459916374986,22.651589806672796,17.636736453528652,24.83372339073086,11.41301534602737,9.782020951752028,99.18925742781492,83.9313607900513,46.94463091869751,24.457011223060345,47.53525802337522,68.49744380258072,57.644392571229496,127.43501069159856
269,26.340149790739,21.196555513455696,17.56104055146435,25.52033732505435,11.5289695378987,9.782175720599618,99.98939781328077,77.30490790129505,52.09746629586668,26.13788327932343,51.81655501342562,70.12800219704575,52.19845637816621,125.63823841957401
270,23.344417005234416,24.07248725575582,19.835108764243266,25.311843779547054,6.522067359983634,5.156963263850526,102.08097636782101,82.3979555006244,51.06673195879628,26.087011822493114,52.63101432567005,75.07081750339393,50.544019845517866,127.34116908237354
271,24.07256690785429,19.014395506503167,20.42927692315672,23.515405998837814,6.522402728320228,6.72333053771441,103.63214285450374,75.10682683066214,51.171158118554295,26.087052779694613,47.5353196880295,68.49741898874773,53.80400438041322,128.81532631806883
272,25.778956912746505,21.875605488281476,19.835894423600497,25.520258045515963,8.152006898060426,6.522003403523309,102.9766405882046,74.37753723223523,51.81523588253794,26.087005623540573,50.56985751384083,68.47906146050775,52.19947282793041,128.8452747879557
273,26.988921228813886,24.072550250900743,24.0725131244886,26.33993556236025,1.6318007983378082,3.261051757812008,107.18839745160751,80.29025961526344,46.40326240853145,24.456005610736128,46.40330195535652,70.10901152978316,52.19950507653164,129.06175596625368
274,23.344334761393874,19.014849948886983,21.874573335297793,22.650528887119282,6.522647227408834,5.156985830454034,107.95383937284839,75.10637872878661,48.47619275972002,26.137989313052017,46.94423610678528,66.86790677943252,53.80400306233182,127.34107745658822
275,23.344754816384775,21.257624297710095,24.07248705784363,23.344946171906564,4.892125431857139,2.3061123194070348,111.56339509426857,77.45913825958972,48.476091005865754,26.087029953197497,48.47710731517559,70.12795768849331,53.805008879191924,129.0618141537481
276,24.834414979464007,21.195801790169778,20.623466170186695,25.31072934364099,4.89218899594077,8.152135642807275,107.2246934386117,77.4585249705663,52.631004165414154,24.45600556072199,51.55904291214973,71.8130421459872,57.066003111277496,124.08453823004609
277,24.0733910353311,19.700919533250826,18.22943215334156,22.65144607653931,9.91718335937178,8.15349397881052,106.61577718997962,72.91510031915224,49.04866510841513,26.087001476179136,49.58704228419991,66.84802778436098,53.804014342703084,127.34112752965622
278,23.344350807427112,24.07253526358197,23.344575995828517,26.341053922147434,4.891001606347685,5.157585737013099,110.1118832939039,78.29510464553775,44.858930916466925,22.88423613058175,46.40337629463095,66.8678852581238,57.06500011048454,127.2680258332628
279,20.16735109252072,21.258428791554227,18.589258143248465,21.752514810385374,8.15324135266186,3.261032165780612,110.12395053470836,71.59008524320726,45.41918446163464,22.82604560596599,48.47612616482333,65.23737548113216,57.08830669305833,124.08451995062892
280,21.196609164590427,19.90251004224265,20.16708800286312,20.167380364977085,9.783150554684527,6.522401640034379,110.12394228420189,71.90542487919205,46.94421853471974,22.826037196571427,48.4760711176396,61.95600009959626,58.696009555855206,122.67371536729378
281,24.073375198424067,23.344804212243478,24.07248824640878,25.5205738557138,3.64595022484191,1.6314601596471512,114.47916175318949,72.4039116889235,43.90087883892841,24.510339224222236,44.85906566746299,63.58700007091067,60.34805440163933,124.18086747682118
282,26.88992859816751,26.289870211288854,22.651707145042522,26.889756947069127,8.152055676738335,8.15236354109173,113.07728122169476,69.1936854707981,47.535331980752886,26.137874680143437,49.048642664705696,60.32700000159003,65.21700159750694,120.82910148377017
283,26.988040686464064,19.08404679151937,23.739601504863526,28.47440376350628,8.15233846266185,6.723129399735207,113.07776636500202,74.66233638325978,44.53192161174534,24.51132825196558,44.532332197557395,63.58700085802848,65.40020835595348,127.68511688091472
284,28.8913004040126,26.98912123479948,26.29033955443327,25.311686625616485,3.2610000064435996,5.1560433687737905,114.47919671752535,72.42183999684042,42.79728239991919,18.00895821530119,43.321883789764044,65.29849949830307,63.586004487875336,129.63817149632283
285,28.474352621498856,24.834041193459388,25.520285705498925,27.860901909218303,5.155887940508512,6.723344540652487,109.61598394391301,72.91520992280722,45.095782822243656,21.19604037650388,46.688179615972686,66.86789535378587,57.08832441619368,129.30865742512418
286,28.473998457870575,24.073375539266202,25.520262577726246,28.145394301733237,9.782060694080807,8.152191567717773,107.48471085511655,71.75793704839053,45.477414057758885,19.63305660593584,46.40340769003791,70.78816624766841,57.15905249817598,129.63717764186586
287,29.39391444168887,26.98813444166896,26.98800729220483,27.331138366796253,4.612420730096582,3.2613590990285255,111.12056258671417,72.2194634656967,45.91388736451476,16.38538413174035,46.40326241224387,68.49847212071982,55.43510983830202,129.17499254812566
288,26.889704910518503,24.238058795217114,22.176784919933937,26.889925391978306,3.2610030787107758,6.522000353389259,103.85040231061431,73.8751666766479,50.6221459382984,21.195041935184836,52.629769570718516,75.01771990641315,55.4589910037015,130.52670634103401
289,24.941323262201657,21.258507485399786,17.022182640590376,21.196344821412932,9.782069967650184,8.152619447024605,102.34147830688472,78.43115962034886,48.640950661999526,16.304096261758176,50.622183423565865,75.0177162052936,58.69600049086205,128.84627485342207
290,22.709611148459732,21.258730287760056,21.258487472111845,21.25846990208506,9.782280957915678,8.313857410907392,97.83997885307421,81.14616074589628,45.91362850400628,14.673036754433761,46.68851324919219,70.10803629681557,60.34904383592107,128.8143274264926
291,23.34517497392833,21.258494377847335,17.56022040360098,20.624082118122395,9.78209864664841,8.152556560220836,99.33607448873265,86.04385700884778,43.321885008342726,16.38538316431523,42.88965250947259,68.49841205433229,59.259392366918156,130.68949598070847
292,23.344404915251335,19.084357093594868,19.014033894176666,19.084144222150577,9.782125292598723,8.15277966935209,93.3777486836911,87.49869752983534,43.32188904052148,14.764271815785001,42.32877352099784,65.40014630582311,66.84701245050826,130.59797471003128
293,20.624376590721564,19.90176311828484,18.228469879979848,21.258431277947707,9.7833404653605,8.314910425879482,90.42718834473631,87.49870557415633,42.796302908015576,14.764259137257776,45.91387877897824,63.60792966530685,66.84804751023476,127.18445886835327
294,26.988010645437097,20.62446641588233,19.902511630367105,24.238136792426925,9.917862868014273,9.782080714686607,92.60521117116434,90.4267312897458,42.79695165384838,17.934190194542488,42.79702041347771,66.8679310697102,70.10900105332706,123.95587877681531
295,23.739819282487613,21.19538956849104,22.175854764175558,25.779949556420807,8.152077392449407,6.522317045918699,94.07240119771792,88.25430478038055,50.622154510546316,14.764435395761828,50.6221437504536,75.07086130307397,70.12700703177603,128.84525575811935
296,20.16829315015052,19.901695894398614,19.90173471147491,21.25843170055365,9.783309246741013,8.15354246807505,91.89935037695878,88.4203522260819,47.98062337704906,17.93501379660791,50.01414665606956,73.44243391559439,62.49001282778716,130.4757328650808
297,25.520243894695387,19.08432088351327,16.78646459510188,22.710037471170548,11.528860935553054,8.15239351417728,97.19917496835247,84.78248263149406,47.05704447255006,14.67402249667842,46.688249401426035,70.10900400955306,55.43402904963705,133.7059365321472
298,23.739496044837402,22.65051429400716,24.073372128994023,25.520308748408535,6.521014067384398,3.26221261503924,94.3542867074354,83.58283338679675,49.04898705317481,14.674077615527606,48.64096280055839,75.00001577168048,60.32605620726837,130.4452070747145
299,24.833723630691402,21.874318380601473,19.700751893003474,24.83415787734487,9.78300041571625,9.783007599590032,100.2155895923603,80.96584903617357,44.35218976180005,14.674001023625436,43.900545646943364,70.10901618057002,57.08843747321592,130.44518865395568
300,23.344130620400875,21.25861019873893,19.015052653719412,22.6513869932255,11.413077180705002,9.782001106645238,98.70496723806382,84.61028438068296,50.622163187898394,14.674018382622,49.88181846932262,75.00000032592042,57.08838758881572,130.43500391478446
301,25.780160063040444,20.42831314307299,20.167324010405554,20.623238127263377,6.521180394301725,4.89146698577443,101.05996436656612,75.84670565688366,43.32191257816947,15.46786036913493,43.900522403447,68.55669803348187,65.29847898976483,128.80401198643847
302,21.753329795651936,20.879996681853797,16.057792470749707,20.62311331880349,9.783109443097537,6.522293795348067,105.36205599455616,76.0558513915768,43.32188140912993,15.031771286812752,42.3287473162125,65.40014629439419,67.1644129122887,128.81531382448347
303,24.07336907264358,21.25861662101804,15.467824952296802,23.344944901568784,9.782151893482776,9.78213448458135,109.91789416372448,76.05619286357978,43.321909375384436,16.385466445433742,44.353229165498405,66.8669025918536,71.9056123208263,123.92372381891856
304,24.673548151672517,24.886768798701105,23.344037386917652,24.83445549168015,8.152049306316156,6.722982889671034,106.6158145008571,76.05585020391356,49.5076907776768,19.565212525379042,49.04897489319119,71.75754359243413,68.55560828072024,127.2157769074443
305,22.651411326881963,18.229071925528334,15.467986789972235,21.25855906166571,9.783280550413506,6.5225470634236045,107.48467359556344,74.3775395601615,48.28439455819865,16.305005188838923,49.5076751822747,68.47801369794514,65.21702094181933,129.3096519133219
306,22.650519786253177,18.229964241240314,15.467760090601857,21.87469320289188,9.78223735865291,6.5226610493970085,104.4754982290584,73.00684831296928,51.48089383864753,17.935026252893223,52.63007491896671,75.01774441278906,60.32601054560873,130.93336885118566
307,21.44539348160426,20.88015188957811,19.013964219191173,24.23827214026746,9.782121650042216,9.782004584942733,107.48469744769147,73.67752995080724,46.68924074971024,19.565000076309325,47.47973112405909,75.00001014936136,55.458960158118806,130.80137535140872
308,19.83595628635594,22.177006910121317,16.78648442997076,23.344198068541523,9.783164743610536,8.152190978602059,112.97155250195739,69.2703673603241,50.622144817199256,19.5650223380712,52.198803603531886,73.37001621102131,57.08830714417546,128.89683557627353
309,23.057837774598017,20.879965409568747,21.195388831144964,21.75337845595124,6.522043673682594,4.892089549466506,116.03584350098288,64.93215794520795,49.049240835588236,18.009108714423416,49.048319709249355,76.63100000001137,57.08827688407665,128.89686149936378
310,24.834008528026303,19.90308466528432,20.623862285347926,21.87546424293721,3.2610324462060767,6.723183993106814,112.4170241125983,67.08650366325672,47.479020871237985,18.009400512137006,47.47992126221199,70.10900073039403,58.786529984479934,130.80146649823928
311,26.33979716725559,25.468646931003832,19.834902907310674,24.83422162166961,9.783000591168403,6.722210825138983,114.50263747803793,68.28398883039883,45.91365010241696,14.674010758390507,45.47739158982143,68.49739696188165,59.2586186890059,129.17495922535986
312,23.739491534855535,27.764344628249283,22.708673549692143,25.52102228839761,9.783000694021508,4.892446812452455,121.19042470996538,67.22462134454265,47.95239052334512,14.764395466201913,50.622432108756044,68.78793754446482,63.9207663201565,127.1845081745723
313,21.445391515686595,24.456487637900498,23.34353056171659,24.673191463085693,9.782001884542021,6.521968040243389,121.19041992014319,64.60295150607413,41.79192107729547,16.386662475189258,43.90050223727407,65.94767366815647,64.33402865005519,120.65204643811252
314,24.67276028381301,24.45641422179211,19.834933868514806,23.057992979085455,8.15217906851222,6.72299972953446,122.32636368984947,63.41887587058993,45.942727401303046,23.058048320415985,43.90146776966836,65.23739307729048,64.33517167168951,120.66301690369954
315,23.057870287761506,19.633473789134683,18.229413587192017,24.673821344585612,4.892102570372008,9.782010345911962,120.65291810404295,66.20870468837028,47.53526426811368,17.935057171116714,48.639967726205775,65.40019840902137,66.20818085762525,123.92380238011371
316,24.67366040336955,25.779813318481757,21.753131720070947,21.752562261681337,9.782062829669455,5.156758963557032,116.03587059194774,68.78818770592196,49.04838354064252,21.195106156722208,49.04925828488811,66.86790948709506,60.41412268466905,128.8462604346515
317,23.344337577896397,25.469407123723244,18.590283413133477,25.520302348334553,9.782115598025594,9.917992366766638,111.44353761265101,71.46077902225569,48.641022778239794,14.674001112115548,49.048974935497135,68.47901664510466,60.32613840700083,130.93342268194343
318,26.34110433921577,25.77979726455343,21.753171112230298,22.65095014962728,6.521143232197955,3.646367661028772,113.54645012099846,67.14619086671412,47.47904682960655,14.674243230610577,45.47739056955256,71.7400031466232,60.34811882302185,129.3097604796342
319,23.739912781319166,24.456411944291883,19.834905990356717,21.752197345864726,4.892184218426873,4.892288329299021,115.0702221876184,70.01450786292087,49.049324413177565,14.674164555981896,50.622401594475946,71.75752393473893,58.78662203284841,130.52672179226914
320,21.753230734688746,20.880417256995784,18.229607746384502,24.834415822695934,9.782187850789242,11.413053884698927,110.50900963495435,73.0066401541723,49.506768136741954,18.009019052774672,50.22693058442411,76.63100499736125,55.45801280154353,130.47573457938063
321,23.05784154612085,24.887352274017484,22.884149271690784,26.340289166469418,9.783002940417902,6.52111734094704,100.83685403398862,84.59407132089031,49.5067323625736,14.674163912542456,50.226868660974766,73.53186081704591,60.8744970548128,130.5979578322791
322,21.753574326429195,17.023094994760083,16.628049908520698,19.90174411809751,4.8910157668485015,8.15340385880648,92.3610120724214,92.60522388721941,46.944207663354554,19.83492217789928,48.639959837565584,71.73904022631503,57.15809958653245,130.68949842654322
323,25.520362458605376,21.87441171006381,21.874583033686292,19.70075210765335,5.156411984816181,6.522077954497566,88.25520766189885,95.54405375255703,51.79049078962725,27.76495027658742,53.63047215155054,70.10900833670442,52.5799822812045,130.5266703601206
324,21.875088983129956,19.901730312415015,19.013720378312605,22.650587774315795,6.723450366355148,8.152186068548778,90.4267299856303,91.14436769475881,53.233825222543835,27.765933340224567,54.19858113281051,70.12797326662357,50.96209466988577,130.6895020303551
325,25.78017867823327,24.07338003911339,21.87431066243919,26.341075917130567,4.892189777650049,6.522233499785245,99.89677098874428,89.68943782295729,47.952430001914266,16.304416390738282,48.63995853940796,71.81307876146315,60.87530480099581,130.44520835249713
326,24.23895897520355,21.258429124055656,19.700971200536486,24.23801552835233,8.152420855359209,8.152087419122097,102.14693838283182,83.1528391630623,49.6678399879347,22.82600014659965,49.04924874285685,70.12699866866943,55.45809738905426,127.1844457911563
327,23.34460535970127,19.69983410262781,20.623438222250915,19.701199423762617,3.2612966660737546,4.892449008781124,107.48559970859131,73.67739073749408,49.50769690921162,21.196214140673394,49.049240820528766,71.73902322187885,57.08831712444741,127.2158120606447
328,20.167087834645454,19.90250277012983,19.01485010250992,21.753083618882965,4.892416390827789,6.522179074938137,110.50900979934967,67.81633642519508,50.332252096229446,26.13787771179974,50.56991230435038,73.37000149149812,53.90273319285192,124.00949164253535
329,23.057762194149646,22.176996848768514,20.429661408704007,23.057821853590973,9.782005216232696,9.783201390625122,114.75746736391325,68.78882009057416,51.17058621475751,27.71700183074416,52.09746983907857,68.49743453656683,55.45895978129682,121.04789566994003
330,19.83588950789189,20.87990704138844,17.63574464638028,24.510358908249483,6.522206021401033,8.152083427453425,119.65663021316689,63.50408895539095,46.40327593787124,19.633829786870415,47.478729032595425,71.75755089299687,54.19785294296044,122.55445363493916
331,20.16732552893657,20.752290877954223,16.05824270399262,21.753216696461823,4.892237792178995,8.152114978961519,119.11123044653148,61.97890856773919,52.68084137691093,24.51027458987463,52.097464423202645,66.86792800465776,53.828730781136194,125.80746671480286
332,25.311624876758987,25.778995784584623,19.632905722796007,25.779058697984215,8.15206508380703,5.156726270602447,124.81043199631458,56.785712716613176,49.50680122942574,17.935163928136372,49.048036970182025,66.92750824789229,58.786581405980634,121.04817933805288
333,21.195582643345354,23.17328366084289,17.022896457189496,23.344972326605376,3.261232115363883,9.783476905824498,125.8718915591903,58.058000395095895,45.213365889482894,22.884128752007303,45.91387253318757,66.86790187523528,54.418063037656054,125.63932307640236
334,23.344524287404305,26.541676041949028,18.007922567148018,26.340579453764892,9.78300000888732,4.891220487706947,133.27733497209246,51.996369445307316,51.170217057792634,26.13796691630087,49.50768275965484,65.29949823393441,52.58019315611533,119.0668147232827
335,24.941331687931143,26.740999421136287,17.5599537610791,26.542259823602393,6.5212852746992445,6.722916191118916,130.12826299116892,49.909001465200404,48.145876017400205,26.541542729268773,52.68085018346953,65.23742139008719,50.77919700827914,120.75234143176162
336,25.77995806518559,24.456674352187935,15.032331932277476,24.67331457712562,3.261079809545419,8.152035216891777,131.02498712627445,51.89360005941114,47.53529183671043,27.909315369145798,50.33313756367321,65.23743422045081,51.196206966737705,125.5864645552731
337,24.67345141136982,26.741798149793276,17.02213300979118,23.34449102450278,8.152220154518934,6.5221571242943766,134.4491490199753,48.4763071774544,51.79133825711265,29.75276467586652,54.808065477365965,65.23744044708974,50.779194238474176,119.0668922484795
338,24.67245571275759,30.063560141733152,21.753326758209685,26.89037056930697,9.918026605114608,4.8920510547724785,136.43120603599212,50.727930873865695,48.858627848981676,29.752841020869603,53.1088419487286,65.5424305912482,50.96316258213266,119.06678964825079
339,22.175994385259397,29.02987161703992,19.632906859724667,24.941895570563663,6.5224438898955,8.153112504466604,139.9992278755815,47.395891684572874,48.146334987763396,34.39394210773295,53.107589174426295,63.775042458149954,49.58769217840016,119.20069365267967
340,25.779849856934725,27.136084653660433,15.032242382942055,25.3109654687766,4.891190699868611,6.52210905280308,140.78553455274633,42.67259564756546,46.717107289454354,26.29003517984883,52.09746869734105,65.23843804355951,51.19622243408653,117.49406536473779
341,23.057794384310828,29.393050301147984,16.304348545062453,30.45961212093227,8.152076501756452,6.722633966986767,142.00723706607127,40.36755037507513,48.858260781572405,26.290041450515883,50.622153921926326,65.72563771275863,48.64118176882835,122.45697729562956
342,21.19547816395586,27.764373237207522,21.1968745237836,33.254301688691356,9.782139512168882,6.722721139771946,147.14649261313778,41.66408116106759,45.94268265902856,30.978017450446455,47.95333897098539,63.92074088077542,45.9140130860383,117.9456377071867
343,22.17685108348845,29.02864749339884,17.93578098078322,27.331397437234017,9.7821019248945,6.522004178831046,150.29257237750087,39.40161996207587,46.144678816192624,31.1501615109394,51.55904466182905,62.299378718432244,50.22693498328339,119.56803817090191
344,23.344231651314644,30.76351484082818,16.385835360102917,27.861702163557123,8.152003140844327,9.782048681197649,151.8666928263074,35.75854498708808,45.30192466231243,27.908176620395988,47.953368932068344,62.29833504035082,51.81666159730635,119.56802326441188
345,22.17561786760463,29.93118001670079,20.167221507331387,28.89144110238276,5.156786998318274,6.722867597624137,155.4395971352071,39.1983806290271,43.90079711679598,32.77168708165393,46.94345141691575,55.531007900958926,45.47647442036638,117.9455840362021
346,21.444626110542107,30.76311361196218,18.590209538625416,32.03327977712184,4.891328978860514,9.917036444650162,154.61647123487833,36.63955798211658,40.85851833215149,29.752764686693766,47.95334704847187,60.5239996541905,50.22695786045377,116.49368284357617
347,24.672498806519293,32.11631653538466,23.34447840227538,32.77071824959075,8.152026696765027,6.722866931195383,157.40267208347933,29.75276502102554,40.4990458768333,29.752765069637235,44.8589852480653,52.40278977823377,52.199058912392275,116.04781233412294
348,22.884220447514416,29.166389699519804,21.75311096546975,34.58675171104137,8.313376114361768,8.152082980166712,158.63019840583294,23.73948618226132,39.46886688210853,28.89129367636902,46.94418999042202,57.15813827482003,53.107582663418306,116.68728621223887
349,24.67245674208084,33.01353095245653,25.779006529066432,39.16504554403328,8.780077593291887,8.152218564074944,163.75883290526158,23.057833379903723,42.07636303553049,30.459547109820818,46.02985731279656,55.435099611239934,55.17023660385884,117.14218644795827
350,24.511333531171328,30.633872109784043,25.5204546823735,48.146787309735124,9.91687648849675,4.611809832860054,165.71181948245473,26.138060527207664,42.0770172321735,31.361764950716672,46.717149145281454,52.199632663927446,59.950542030193795,119.58968980755334
351,24.51137994968483,27.331058322692154,18.229341889846236,31.022021935718044,4.611800152332783,10.93661402492674,168.53548224916904,29.393336146119132,40.268476782464695,27.90921667248124,43.32191795446485,54.197860056139646,58.78569494129345,118.75402412221757
352,24.457004607886297,29.975725158441346,21.19578264908435,31.36183596302884,4.891585227806646,6.522000555158028,160.57862238955468,27.76594471831279,40.49898849611777,26.339778817310382,45.913073682837144,53.90317736441263,58.53780404090269,119.92318665381715
353,22.884229409097948,29.16594341707194,24.238114876209355,37.64151182283839,8.152125042165618,4.8920844744342835,160.2231567104457,27.76496259140549,37.92316235358074,26.8899427184509,44.85907476365324,57.43689203883712,52.40275382127013,118.51798280517731
354,21.75300208221608,30.633437252764164,24.238058601936004,35.8690600912335,9.91806951639401,6.522163341505707,162.16937836110282,22.8843380450473,37.92279658127775,26.889972477503534,45.418337528638546,57.15846368661504,49.5877076805898,118.75334777556155
355,19.834848235559654,28.474342458599434,19.014125542593867,27.766239655254015,5.879309696981798,8.152012116221606,167.56272310279766,22.885237658559923,42.297636344278565,21.445457742526663,43.321947591201585,58.69623864205763,50.22686685089813,117.14221057842724
356,24.510267963449095,29.165929199128342,19.83601006626284,39.46814540065038,5.1576249222292105,5.878732439974058,166.59934877356528,26.541793725832676,43.749159461786974,29.393231107258778,45.418714074337366,60.34822744315471,47.47869038783873,116.90360278468931
357,21.752390677828934,30.633875168804924,19.90247877839447,49.29190951124629,5.1567542131387745,3.6456946651528255,166.60034946795614,24.510287185249886,41.56821518153707,26.541586246950676,44.532511641986844,55.43540824745955,47.47895487129038,115.79496806967575
358,21.75298558880687,29.97481121258978,19.701330363871417,43.41385454347267,8.313677560766958,8.780053424995026,166.72753650393037,21.258838639621803,40.10359624045502,26.541559214683755,46.94456989404076,58.71798496490676,50.6224402886805,119.01058042984606
359,24.67252384655056,32.11621608630765,24.23839560435638,45.213411516106774,5.155905928253108,3.2610235223002895,166.9419786106984,24.510494161363,38.892381443155124,28.891933845588905,48.85846677188001,57.08871613144082,55.76915425547033,122.7922438214982
360,21.44554931546462,32.812105496719155,20.62517964360464,30.63344563247754,6.522254956191216,6.722791816495333,166.27177983955139,24.510518328182986,42.077606874204456,30.4582027541892,48.17302476764197,55.45907411289051,52.631043133002834,116.68643301473895
361,24.67339125054299,30.632574898509322,24.2386446866717,40.89099229305357,5.878728727184536,5.1564274287630525,170.04271500606092,24.673452091425695,43.901280037987604,37.81769099355655,48.85909678204913,55.458990259236685,56.94910651884303,118.66399682161389
362,19.835912183118804,30.762922706525863,21.753156173061434,30.0637460685951,4.892104032542231,5.8788124622883196,167.10204316330595,28.146215042036786,43.748698178432505,31.15006552503052,46.94420687991916,60.32605793488614,55.001156750454776,121.50861618342421
363,22.709650128106883,32.157614921383676,19.08417975905405,32.48707790411208,9.916938886411252,9.917053924352727,159.45777735222575,35.60897536624519,43.41292122306628,28.892195683312305,49.50774861964134,59.25869988184763,52.80612829756713,118.51787292050112
364,24.51134689638451,28.52155187503317,21.75212230514428,31.48921189868744,6.722497715213407,8.152000904416031,155.8752350228242,29.393452974193398,45.94226880656724,26.13788948703616,44.53235038542905,58.71775855091055,53.902855892088745,122.7923321685584
365,23.058251458957592,31.36290109175527,24.9405824925522,28.47406344162646,5.155778660962394,6.522020848868921,153.86623827861072,30.634517974567206,43.32165163929259,24.51126003599882,45.41825201133707,61.95702961190622,53.90282165892035,122.20700294438195
366,24.673759040911573,30.633515244163508,24.94147106588081,28.146218759368434,6.521242282063227,9.91802815590895,157.7811242525012,29.39431375781114,44.53203431544916,24.51132463580048,46.944189204046054,63.587046302007884,52.40189706728184,119.58968400791953
367,21.258584066553627,29.930891384684816,19.084385042941907,40.26899448307209,9.918037549477623,5.1554626567710855,162.53712709919614,26.88997418827498,42.390769679344416,22.88416682146506,43.32098098426286,61.95705674898097,49.34599671999341,119.59070009750019
368,22.884603567566533,29.931017458493084,23.345046903144524,34.54768069141691,3.6457494172859404,6.7227664383205274,160.9515679327169,26.290057377282338,41.56826853502561,21.44538733439232,46.40340528761062,60.32631878274776,52.4027551851464,119.28933248632333
369,23.057809351780207,29.93097215506716,22.176916737250266,30.63259520309592,8.313432553172175,9.507199221615174,161.15735345020187,25.310769878212767,43.32190015127619,22.88432519641423,44.858937790705916,61.9570241023768,53.083343288347415,120.89468516017932
370,24.51139272469108,29.166049790785184,20.167471108372602,30.063960170705506,4.891565641568064,8.15222660110011,163.75978390875048,26.290445206012986,40.26909850990458,24.67344695961095,49.50683001796657,60.34830875820128,53.08211485174358,122.22822456358864
371,24.94038124089695,29.16556266873055,21.19600269507019,45.30189221015872,8.313585248302989,8.313377857492094,164.1235659612623,23.057787107131563,41.791998500418785,26.5415437219051,43.90116663230718,57.08930681732959,55.362625587423,120.89346594569915
372,23.344152190765016,32.81206585816363,26.138385740105974,29.393357206274104,8.313572311174227,9.916941504258439,167.29994209306838,26.138157168805154,43.900866327808316,27.908185951005898,47.53525959571516,58.71864814940287,56.948820096676336,124.1063033658152
373,24.511258406389633,30.63352206333559,24.23850152905734,47.61885244121408,6.722110268753495,8.152018352580162,170.4795916740528,24.67345906667785,41.150160411431166,34.04490033447587,52.68091150626217,60.32605050619381,56.22098030858849,120.61952133695583
374,24.67246112364149,31.361782452311004,25.310654071107685,27.90917359518908,7.292104593872071,8.15215949230857,165.71182963959865,26.88993351766898,43.41301635584433,32.032771065949895,50.57028589977515,58.69602501864704,59.348419774481556,118.75419941295618
375,24.51134325510545,29.166113073030754,23.34421124232573,29.975843371621075,5.156394644664959,8.152000169217473,157.0140912356698,38.75483946029089,46.14435924374315,28.14632166360158,47.479640815956344,57.436439216362935,60.12796115559789,124.43752263200321
376,24.672580490194726,30.76377550413271,21.195402937456976,32.11624418533744,3.6457014539988246,10.312198090348984,154.22906696085576,37.64098092663622,46.14382839587238,29.393286578215953,45.91357460758215,57.89753851544551,55.770196931302245,122.554468725021
377,24.673446662739,29.931312084170898,21.75300241318169,29.166091718357613,6.7221878965780535,8.78106352402315,154.22900422355025,39.19834800578872,46.14383994961869,26.290033894667555,49.04897691938337,60.34901725989102,55.00127229951552,120.8291107961937
378,23.057765322614955,29.93111326063397,21.258663029071574,31.489248648922366,9.783055634005631,9.917909222285116,150.31860110105734,36.4578404462778,46.144425349006426,24.510340330677522,47.47992409965022,62.14985408036677,55.00119444619247,120.8281752900307
379,22.70959168924218,29.931095421661798,16.626926266367594,27.71807944790293,9.918201369859787,10.312195958330559,151.24372803750717,32.1583804834672,46.02870333837259,24.511263413035802,47.05710590277878,65.94654806024442,52.58013094094001,124.43773157348971
380,22.884396478610174,29.931155667334757,18.22843831514811,27.861263241095127,2.305225346907536,4.8910884577010245,151.91117157720825,35.75867313315892,44.50287939666087,21.445403744005887,48.64094549276034,65.23836620544412,53.40679440418802,122.45678693909989
381,23.058752251606688,28.520790300302878,14.764504466377744,26.340967645781376,9.78200021250872,8.313413694958333,151.2447253417457,33.927566483811994,43.90120166424204,24.511333967303344,45.91358519753535,65.5423198386209,47.0570490377171,119.56810587450829
382,24.6724827294864,29.93135934615761,19.835002812584662,29.16698667903839,3.6457668628766076,5.878482909943623,155.44863018200445,34.277870356410645,45.94268045022893,22.884164198139775,47.47901639821244,63.607928464409014,51.48120831730853,119.73380247521224
383,22.176928105756133,30.327291451774947,18.008335698881197,27.861222343498984,6.7232850333746725,6.52203466720508,153.50358556399422,35.007690546583724,46.02891880584467,24.510262967351434,50.622182038916925,65.237418375483,47.98062994189322,124.59775751553306
384,26.54155079560925,29.93129225827177,19.83490398828289,29.166240834403833,5.1557085785572845,9.918159690769677,153.5035730088441,30.763782272485624,43.90096063279928,24.67239972709509,46.402380044090634,63.58701951603624,52.807283190678746,121.3551666529874
385,24.51033171945057,29.166637125478058,15.032089949574205,26.988344020965236,8.152105699092088,11.413293904769471,153.50336294852448,33.57290392252329,46.144685959669445,32.03300433353471,55.458408670115034,63.60792429685485,49.88155150526258,122.6727799336522
386,24.511415503970635,30.633066758828445,19.632876196735,26.34030631516361,3.261028467811368,6.5223093823989124,160.95150445267038,33.013689187142504,44.352191577220864,36.78473263809822,53.632062698994204,57.08869637425965,55.362608082273056,119.73456361778722
387,24.940332392229312,29.931180866100284,16.38659936338962,27.861585468992132,8.152004913056707,11.52901711594184,161.3390650357976,33.01355032739836,40.76080747124114,28.473818157750202,49.048787551753186,55.45910118391959,63.67109760944963,119.92316293278348
388,26.29005067440616,32.15783249317376,19.83490231569149,29.166702257584845,3.2610393546293115,8.152243263573762,158.17765281212837,35.12081967517846,46.14467621112996,30.45820790109887,54.19765417188137,60.348018056693846,62.08602702453736,119.5680077431222
389,24.511324264808675,28.52167455789864,19.632867189440894,28.474482644286493,3.2610896078803413,6.5213155088450865,154.30728703003928,38.02825490691052,46.14382790470303,27.76498911086758,46.94418958580629,60.34901699355197,55.001237330847324,126.21975555390276
390,24.673446965578975,29.16625135280104,19.834942313350055,26.98843605130211,5.1559312822666845,6.522455030419826,153.44319488310975,37.21512146480243,43.74956835930246,24.511293834759183,44.85903496605569,60.326082831566126,54.41830740071209,119.73379564209523
391,21.25769101468456,27.71829948200316,16.057972312153527,27.861370322222204,5.1558438110715175,3.2611585476099068,154.22924844781676,35.12089627672164,42.39209576702901,26.13788090929036,43.32189075277761,58.71772529394665,46.37451694978362,120.13376035817197
392,22.176722698383443,29.93106871480602,17.560635720037126,29.97534866064786,10.311093603051065,7.2918214947498825,154.76225910142003,29.393861271563583,41.79099614422077,26.289910055479673,45.913634786269355,60.52406256039305,46.37450941135178,118.30578952878525
393,21.445463380588055,29.93100015706047,17.56289881175206,34.54931111720356,9.917904797749127,6.522009197188365,156.36039259790408,28.474516961871025,43.74891136048512,27.764947420789895,50.01506828258798,61.97843976555622,49.881635496044275,118.30471730821213
394,22.88412544114426,27.718230678223946,18.589946912377826,28.4744863712588,6.522530993952932,8.31339538875632,156.6907027521676,27.86127369167646,43.900837396779764,27.764888343239832,48.85905700774575,57.089353300021244,50.226880970108276,118.30470918233893
395,24.51032924907613,27.717294569749694,23.344129696869125,26.988269167636194,8.152164389684602,6.722607013547339,160.57933140549912,29.393538874548646,41.56845538690202,22.88419745566834,43.900494895608745,58.718656944899244,53.40771109276082,123.36525483832075
396,19.633839359444327,29.166014325488177,23.05766773576974,29.39337025414059,6.722981068245259,6.522002970761735,161.4787973259845,29.755171869890667,41.79203012256591,16.38541987801747,44.85990329661191,60.32724776349741,54.68618170786582,128.22486488832766
397,23.344167793218883,29.166460698394225,23.344202385480813,26.137999464275794,8.313580042374321,6.72264221145413,166.27294734266206,22.884936026963786,43.044144943595555,26.28990994127023,44.531955775607145,55.43417427755198,51.81579954698085,120.61945095005314
398,23.057764384365136,29.166001475863077,23.739478854333377,19.633024544645842,9.782000939835497,5.1564359889244615,166.99029882727947,22.88565122682354,37.922856045369095,28.145407465996485,48.85790200168167,57.0654465215862,50.227858883997435,119.28935911280043
399,22.826010791691505,29.165929887784063,21.25843558793453,22.88444976979508,6.5222186317548125,4.891002827343406,167.56242439224042,22.829025573647357,40.2683735056713,33.61255718301484,49.77536927338493,54.418879008605295,45.91290042279001,119.5907589293821
400,22.88413002452147,32.11625048012908,24.83375625843094,23.058008026249276,9.783020138101541,3.645685420592559,167.87161216005285,24.459744063269092,38.028160568253824,35.19609697977879,49.775233698532894,53.083731464715456,45.476677453082715,121.50872490677006
401,24.673534610476818,29.16595112851426,23.34421291150096,26.290097901021813,9.916999296262077,6.722616194450556,167.87141482486666,24.674779146375027,39.70415240972482,27.76496560140902,50.35959745738792,59.259886944729075,50.22787342880766,120.25484285843342
402,24.45713276537948,27.717595036237107,21.75299699896016,26.289908196857656,6.521843665728365,6.722733776395553,165.71182106095105,24.675125359432027,41.24792700290096,26.137879886815906,45.942254698587945,55.81770646657642,51.481171523424464,122.20676365911007
403,23.739480702752456,29.165929064101885,17.021872770877113,34.27791339209006,9.917862130923393,5.156437479943778,161.33930712717108,20.16899689493818,40.26899148010121,26.137880271606633,49.667880970281274,60.41429290658164,46.374160378183326,119.91149003316175
404,23.057803539559043,29.393094954591145,15.467673312801768,27.331260600147413,8.313694561490975,6.522051924097576,161.3390649184143,23.345004922489878,40.268990978134035,27.765944738101197,47.39487706312299,58.786877095432,49.587703428514004,120.2556971818411
405,21.445626803538538,31.657787440034458,20.16736824357666,29.393985713109718,6.522262042897762,6.722867683252525,161.33906346335777,24.23873566733146,41.79191407245166,26.137877609258894,44.532322482314996,58.7186899997526,46.68858034021841,120.25474642541727
406,21.752472034769966,29.393560365361495,21.44439944177408,28.474373696057903,5.155888589331593,4.892007234108404,162.9208777819086,25.779898325902078,42.391188622618685,24.457017038452598,46.02891984067849,58.7186394173585,51.81561939365166,120.25569505511329
407,19.633966641780898,29.39330627383717,19.834789400746956,29.166290202906467,6.52210989872479,6.522111969223534,164.89895556051076,25.3116405068024,42.39115387970703,22.88413280405168,45.213415930113854,60.34813468810466,51.481140132402246,121.84744436615668
408,21.445403149561567,30.32859145037427,18.229229294632333,27.862050087357243,8.313378631680965,6.722895307234483,162.92112678811114,26.34248463009742,41.79188274250433,22.884125571569694,44.53229666748132,57.15811382383412,49.88277968651948,121.508708671405
409,20.623741239651466,27.13613000644499,21.44463437707179,27.90820398961598,3.261035503806905,8.15200568680136,161.94729449684064,26.343511863852907,40.760499659941864,24.4560213418185,45.301030801825796,55.650619642759196,52.275870343388576,122.74911163274187
410,23.34444161853026,26.74118241538508,22.88431314297202,26.889985072769537,8.15201289915582,8.313362997993035,163.32028556323792,29.530041315255172,37.250782778305194,24.94031161864123,46.68820737638257,57.088544833700944,50.78009282532956,121.8475043621707
411,24.67364492290446,27.717287744353538,25.52112149604156,51.19666419063765,4.891041861985664,7.29182520713161,168.5351948451383,22.88677139606549,40.26883806041489,18.008918350513145,44.53227345852982,58.718748878770825,53.7796384463976,128.2248413056738
412,22.884286788258226,29.166016782723254,22.178390970765243,36.202189343526115,3.2617807963174283,4.611802368331137,168.19582780149844,23.34700884008679,40.76053470280076,18.009018788329364,43.90079744994861,58.718927110961864,53.406784868477565,130.15968013022155
413,24.511324870963744,31.362030818387296,20.623436484081115,32.032996743273394,4.891050672983836,9.918081231122068,162.757258176991,25.7799840211923,44.50219957040199,27.764946576753978,50.569857938298426,61.97752169727762,50.62314822183748,124.98129592715713
414,21.196055254844122,31.6572123091621,17.022307878617386,24.889125230084126,6.522174312593607,6.918815277989676,150.64493928153078,31.65835445753581,43.74868846407462,27.766006428462163,46.40326266195604,60.677580779574036,47.47880136682703,119.4233600942327
415,21.75340855522271,27.669900511205704,17.93444239269855,26.341701010712026,8.152004690566903,6.722297067686401,144.5306145171125,36.964687713303334,45.41868642270151,27.764910703036705,46.944536570209266,65.23838637425128,50.22698846816509,119.56816849747159
416,23.739488941209473,28.84559583505132,19.63310086760378,25.31110692650237,6.521222869937467,6.723238890224329,134.4494410850682,45.681921386146186,51.55884873978524,26.087009404429697,51.55872366009782,65.23836746902255,52.80721223494079,122.67278523652483
417,23.05801869573023,24.456604490405525,19.08310820832457,24.94146966791783,8.152287145760369,8.15206274364082,126.55529751984568,48.174655980859946,49.506759085970344,26.137937043802744,53.107593084927956,68.65344424965606,45.768321257568786,126.81780303342856
418,21.19630779880014,21.93512912892241,17.024448127655035,26.13862104952456,8.152193629874647,3.6461837314589713,122.74865405250884,51.0406135439518,49.04903258222312,19.565018495202192,49.66824803058382,65.29848598134873,53.828702055687764,124.98121770385072
419,23.34434078615618,24.238794812505994,18.2284663573551,19.83590006672555,9.783006761522921,8.15200956667255,125.4161693855441,53.23382206691879,44.35320076275467,19.565047726397832,44.859873372298736,66.86792908211214,50.78016384002906,124.59772175688848
420,21.444752282856516,23.058213141399577,16.626845940934047,26.341124319131936,6.722786658499277,8.313579934283528,133.70634662989897,51.995132803313176,49.04865229213462,27.764956267404532,50.62242702242749,65.23742883691875,47.73076561697076,120.69712214247558
421,23.057985981609495,26.542426115037447,14.674533971619827,24.834980787928348,9.78302195051081,7.291848321371024,139.7335386666439,44.977315500049905,48.39412848496773,31.657212906288255,54.807529314719915,63.66956855397983,49.881747531726326,120.65308803126221
422,24.672534378369903,28.52106088105872,19.63294921249694,25.31232469090814,4.611756103665495,6.523108908724113,137.81748824425054,47.28374804433503,49.58705731903846,31.150399632107433,52.63008694441311,65.72561722240135,49.04814424577537,127.2159331149668
423,24.673778278767504,25.780315142433988,17.934074970422557,22.70940099232033,3.6457163677007487,6.523359001020938,138.34756325336608,43.81036158336644,48.1458568141792,31.362875379749347,52.198844755537245,65.72563202220601,47.47903166165549,127.21595146763582
424,23.058095622665977,26.541830593251078,18.0090840185509,26.3411886172592,9.782016960865262,6.722810556250784,134.44938180538156,48.64075229842438,42.79725525438663,16.386338302809342,44.35249501913856,66.84800058967085,53.40672710076363,127.34123035999082
425,24.67255305943154,25.36321687621829,21.75306082376681,24.673753096495904,4.892366488104091,3.261277783204734,124.30941453644715,53.23389719211398,44.85987018973149,22.884259851055315,47.953436331658416,71.75752507932312,54.41907728406445,129.63724812209333
426,24.67366266535105,26.740500642674938,21.752117855225027,24.94128266677422,6.522286551129491,8.15214650077694,123.23514527808004,58.4469144787835,46.02984662954069,26.137885420455618,52.09755046413348,63.607914151424325,53.90274548442058,127.68514143264623
427,24.23859609934831,21.936067723609604,19.63306965806254,22.70918109590218,6.722957809850098,6.522465783022794,116.03584049233682,65.15657474349791,51.04050611793929,29.393278532117616,53.3080899560496,61.956010827712504,55.4350533784449,127.5497585807329
428,22.177140777117735,21.936003276737264,18.009153790034222,20.62441690022117,5.156754774943218,8.153504302230324,115.49636503526443,68.2846462156993,48.858157437260104,27.717106550600032,50.01534889222453,61.97744908931084,62.29834366105162,127.2681047228664
429,24.51157183044789,21.93583256338277,17.021854514620276,20.168291965641107,6.521378526751012,8.152290546584364,118.08008799893813,66.52991880065214,47.53443439975446,27.765125493675022,50.015022900119156,63.92060950845862,64.33502477045487,125.63830214576112
430,23.34454853826955,26.54231463099212,17.935063189653977,24.073747984020795,5.1569345607796215,8.780683876073507,122.74895557324051,64.93212680536432,49.587042557581995,32.771649784761024,52.63007910046877,62.299345840723625,58.19510972133872,123.92375264339346
431,26.88993087966136,27.669207710025436,18.22926696284234,23.51439415951415,6.721923888416484,8.780983279701607,121.1910623225506,65.21802901757468,52.57982224329942,27.90917043381905,53.63171076037839,65.2985109770846,64.60214077802567,127.26809120538154
432,25.311896908237173,26.54169390406812,16.385588402810047,22.6516883535814,5.156051547486323,8.780132398514349,119.1109298459073,65.21657317957174,50.359066480170384,30.063023378127745,53.30808798602195,68.49741541561272,60.41508778181241,127.17401569340349
433,25.78009334705952,25.46816175731966,16.6271185457841,23.34475138596941,5.156773816890587,9.917042498083838,117.0402032353943,66.02693662279222,48.859076137741376,28.145278775173377,52.681210370081516,71.75754032593657,58.89942543785505,130.59792381476913
434,23.739790722043,23.05905012945898,16.386541619191316,24.073367501440472,4.891298553325506,9.918166852958361,113.42963915843264,66.3890658912965,51.17007849965568,24.457024862524293,54.197645757434906,71.7390036053577,54.197876471835315,130.59799231503135
435,22.88434128940575,20.880611154513865,17.022782078437853,20.168322347902407,3.261400438958054,8.153405841885917,118.0797967930334,62.72464475073408,53.30808566242442,24.511262264434137,52.6297642794656,73.38814487548497,53.82871519553269,132.10528194801853
436,22.176885794171433,24.45662534079873,19.83493891414129,24.23837779501265,9.782009660979877,8.15221970644816,114.00317754064432,67.81507949721824,50.57021202878455,24.510327602392636,52.630040264080066,70.12798488025913,51.19718261428672,130.44519358877128
437,25.77899210068857,20.87921047015191,18.228319344190812,21.258465396464505,4.892309753347999,5.879626677774784,113.11271706937235,64.9321304024493,46.02857290831002,26.541816701705628,50.62247760948702,73.5319128138165,50.96193721343379,132.0750897211762
438,25.779263468782453,23.172365406340536,19.633041725347216,20.429740438773308,4.892290711812715,6.522433256180407,112.4413067261103,67.1453611835034,48.174105662277164,26.290294434468386,49.0492971053638,70.18480628212518,52.80702163264285,128.81435986297114
439,25.778906149028117,24.237376249802306,19.633064309463474,21.25852336929171,5.15573010515496,5.157028157887865,113.54677410794696,67.95196005440935,46.68819438230838,26.889984611888412,52.63015060738357,73.53185710839614,52.40277379582357,132.06501639158046
440,23.058914530928845,26.74161705012166,19.834998836604463,24.238458294773665,9.782011174896278,6.521333453122083,116.03648838184652,67.95250099403358,51.17103566001393,29.39324818903031,52.631031171897384,68.6534572349724,53.08327021128566,128.84630080615668
441,23.057871630049693,21.935866778782305,18.589961597647928,20.167992950966653,3.2612050928262373,8.15323973954988,117.59492193130755,64.31448835680536,52.503476300816146,26.087009146393562,51.55872542908262,68.47801101481853,52.40281544376343,130.44522000757186
442,23.057872151370447,25.7794262721792,19.835117777712558,23.058108632478984,9.783000007536412,8.152458176388379,118.58541414453231,66.02801884038017,46.943627851429426,19.63281150884409,49.04897554029833,65.40015585045954,60.87532160610507,128.84632051527618
443,27.861084617130103,25.77992339520358,24.833723158043192,27.331381490411694,6.52100577291028,4.891877377992644,117.57263573862313,65.58300213277481,48.85917372840542,26.29003036967097,50.569285035051934,61.97844025216007,63.607915195295064,125.58634994086029
444,27.86075560500054,23.514575594015266,21.874120570250355,25.780073296388906,3.646594166708944,8.152005404547324,114.50299651718302,66.92757373794531,47.39436888036428,26.290031180336893,50.3322847317617,58.696005464661624,63.67056439199468,124.00953024845987
445,26.340862291856155,23.51404898013154,20.16745516120488,22.65137805205015,3.2611669589275536,6.723146945894343,115.07022596023738,65.58302724884064,46.71708306081121,26.541709806869964,48.858634511251985,63.58703838799739,65.40015681859865,122.32550201679993
446,23.05805580660466,23.173196773917926,19.08423954114856,23.057769542963204,6.52220724724653,9.782072852366653,121.19041569737989,66.52992126349376,50.332677292939586,26.087000117597434,50.015349872706345,63.607891630572496,63.77394612145185,128.84532136216285
447,23.0578653122409,21.935235658999535,19.700876003474026,24.940365481468042,8.153147756371425,9.782020313014314,122.19561205443686,64.25270780241333,48.476367208510744,22.827023267138095,51.06670021697913,65.2180008138229,62.29841196597432,127.34123037905438
448,25.77991741023234,24.238152545948715,16.627125950375458,24.238375301985023,4.892214774238801,9.91687660834845,119.11125711587671,65.21807458780886,46.02892009043431,21.44544091732225,47.952407371576186,66.84800064858588,60.41408523810877,125.80843292868533
449,25.311100325796186,24.239235809593968,16.385289347798437,24.833725515232718,8.153323501302975,9.782074497944118,117.04020021555519,61.525371990391264,45.912732578333966,19.566012404397146,47.47895530496191,66.84800509092197,55.43408026569539,130.80132692474675
450,27.33123422785784,28.05170253727925,19.632781915361967,26.340709961089246,6.522144791759964,4.891262438903088,121.68249727667282,58.78644934593383,45.91303540342666,16.30524233180287,47.47895424538112,66.8480007394631,57.08839311223607,130.93344065252936
451,25.310859320584836,25.467960956466513,21.445459609058847,28.89128967177174,4.892163186338325,4.8926394199453735,119.63412263744526,59.08012869409312,45.91410356200154,21.19633135128246,47.47895409810544,68.47800327761436,53.902782864848994,129.30876163030183
452,25.778887984060958,24.2380358794248,20.623780191134323,27.3316048712906,5.1568777927893406,3.6457093468910506,121.19108589754916,57.64471902299463,44.859020899239056,21.25894969183602,45.91391290238754,71.73900021592401,54.197852451863156,125.71337877164338
453,24.67347280911077,26.74197005946347,24.834215202438475,24.511543503713487,9.782006449613936,8.152517191962351,120.71835381140703,61.52609397299239,49.506711481698034,16.304112598753576,50.62216386027927,71.75755974185246,53.902766568513826,130.59794813584523
454,24.940723317089216,25.364847593490943,16.386373664591734,26.9880507795331,8.153380711194615,9.917875373598182,125.87121878612784,58.05916930922181,46.028953422996224,21.753077332630628,49.048031309054615,70.12699707042015,55.65046484612405,130.44522501200785
455,21.444668371824296,25.469758060265583,19.63298882913718,26.341119430873924,8.31373147890258,8.313672956827302,130.5668567508364,57.644899864644444,44.53227455850991,26.541586530533028,46.403291391338286,64.10746012166214,57.8975150461995,127.17402862829441
456,24.51153850200531,25.46793481314832,19.835917762383723,26.88979256303574,3.261045497240998,9.783085445223522,134.1518990645109,56.503506365634955,45.30190327674646,29.393287585417944,46.40232320597553,62.724538615993545,60.12673609631842,127.17401122259332
457,26.889762908068395,29.975988462115765,21.195141112645693,29.39405892120992,6.522126106674466,8.153069904209106,133.54561829862755,55.53067850805559,47.53530061334411,26.29003670377993,51.06671316384493,63.67057419434851,64.91091415457616,122.29286520337847
458,26.290544388909883,25.468901352103096,16.38532332634742,25.5203739861125,4.8910009584791165,11.528959034101915,131.50107211063838,56.50349823968868,45.94274171015826,26.88994016210671,50.01440362420503,63.607912947706765,63.919608319051555,123.95601329928905
459,26.889927459580058,31.149070856616042,21.2586563136296,27.861625387263263,5.15574396301069,8.314407058237128,128.3911562495058,59.9951219089035,51.04048816832614,26.54159293170184,53.6304317497594,66.927516195012,62.14984479736676,125.6383095162383
460,26.54201297308525,25.46864603367991,19.565080225975077,28.47442110859379,6.522092271982176,9.917597376865006,132.13563494893813,55.38730835945751,48.85794682034879,26.1379366056442,50.01408236304643,66.867903678963,55.64952711220552,125.58539232176491
461,25.31201754542707,26.740943013599562,17.935015460138334,25.779474696975587,3.6463098838360812,9.918213275162028,129.00007567099524,56.102969059363765,46.94424634581443,22.884207464792873,47.953040646925594,73.38810433622332,54.418082995559665,129.0628098350157
462,24.940494660352698,29.029578859034245,22.826018972324125,28.47441606799424,11.528985964238203,5.8798213771289385,132.47803012326904,52.20007919548183,44.859871234596774,18.228228496285613,47.47964436051519,73.65825498552846,56.03119594262853,127.21592492508628
463,24.511732329241266,25.4698929466883,19.565013325761498,26.988245917175767,4.8920305118922265,10.312306243125358,134.44918208838132,53.082852437865675,45.213797510147714,19.834931300338678,46.3741481509482,71.75753304620548,54.686001397374085,128.8050888488553
464,21.445400076660345,31.149003824398697,21.258682890759005,25.311751114366366,9.91691469191949,4.891028132705964,133.69591822090732,50.93753317661844,46.943654265598425,16.304081166717587,50.22687296367192,67.02672886652759,56.59785005820629,127.18452054878861
465,24.511413696490123,28.0516916549164,22.826002718870466,27.331257496617994,5.156761996940358,6.521161446917964,136.4322141086329,51.893688398573495,48.1741136641378,19.56616479775799,49.34582145114468,68.49843647725228,56.596840534656145,127.18450138295674
466,22.884408449597803,29.97508720882792,22.82600468716295,27.33112162579667,8.152126085604895,6.522087308523984,138.42404892282977,50.936015146556954,45.21380338194623,21.444490597356207,45.91386040403745,64.33503697853978,61.39611439434995,123.92381598900667
467,22.826090483511173,32.363273218119005,22.88412502605675,25.779058311876046,8.152102199580167,6.5220001226790565,139.5902659305283,49.90812563546775,45.30193114120416,26.541586157490475,44.352191549004814,57.89849542988603,60.501529775322375,120.66404311633688
468,24.51065031876096,26.742197361738437,17.935001257822346,25.520447448799114,5.156521912362629,10.312453452828859,144.73243109562003,49.292580432598825,44.35220188166647,28.8909535989023,51.8165289800223,62.49010069257463,63.67004298411499,124.00952598392846
469,23.344256355996052,29.975410824207316,22.826004038422603,26.98928991583372,9.917195645415287,6.722606084470581,143.95983613297284,51.55877593520748,44.77053239930611,26.541680435096026,50.22714914493696,63.92060265589209,60.918575337174566,125.58643933926992
470,22.88436424254155,27.66935711255364,18.009148977661336,23.345258858523035,9.782072964332441,8.78006328294737,147.5067809829264,47.95268145750458,46.14447634176192,27.33105990558184,50.226874859332355,64.6031421593792,57.34430619848339,128.84631707009893
471,26.138215799383254,30.76394894474194,21.25766998318868,25.779933594248863,3.6465863078912166,6.521034555225206,153.03468408280992,44.77061832413736,47.39574136641051,25.310472737808865,51.81653433140036,64.33515046363506,58.92147809383909,127.18454453288899
472,23.34510255127104,31.657588025605826,17.022815881469697,25.52051883411806,9.9178633656991,11.528959736297454,151.4548924354324,41.76004276751457,48.17320516817197,24.51034878266586,48.640971355512875,65.54329880290314,54.418248563237256,129.06186092797788
473,24.94049486131148,28.521709505668834,21.44441876240362,27.716800230866465,6.722674575680174,8.313576460114447,154.2290405651829,38.20325219007666,48.145905854331666,23.344255675048345,49.881791884593326,65.54230616339379,54.19799257357251,127.43509237786503
474,22.8842402314702,32.6089269572095,22.17595743604715,28.47452615120279,8.781131983115799,10.937114355611358,151.56964376190422,37.53639626706868,44.532282082919664,19.834939247674278,45.477391905765856,64.10651266372092,51.81657754899526,119.2005775904179
475,26.137936804464477,29.93110342941173,23.05763122038444,28.47462423136124,4.891449941105009,6.522011168719346,151.9102424789286,38.02926353884278,43.74965514543647,19.566007302084326,42.889784499930066,65.40015192307028,55.36240337899151,120.82927047728198
476,22.8841304827631,30.76357382046307,16.62774567803694,28.474537509912178,8.313618732607903,9.916945343195128,151.9111733432993,36.64047985803245,43.321889190348806,16.385318595017434,43.5062054196895,63.77489799919156,55.362688631716715,122.81451381562505
477,22.884261673372986,30.328522193518257,18.008918593090037,30.632672791158924,9.917250449624039,9.917051100654863,157.95840908079134,32.812759301894324,40.89102254260217,17.022821569481657,48.639963477391994,64.1075901743818,56.9478034601827,124.77905440670763
478,24.456113659834052,30.76326592231926,21.75201875689722,32.15818570023224,3.261116813363814,8.15200102701568,158.63017069526626,35.757709982559,42.297037749655246,18.229067523359912,44.5024389730273,62.04280316134905,56.22016103489566,125.9246410761911
479,24.510276068067874,29.931056821980473,20.16805910500977,29.393753489180785,9.918117271944388,9.78301968215209,160.222140432685,30.633099968620687,42.29761824263868,24.672551585312885,45.09599932402399,63.920649376641514,55.170580304140465,126.21985016561182
480,24.511345662468237,29.931043293127082,19.70074806261427,30.633753807354363,9.917871123543867,11.869862600898482,162.1687786728028,34.54861384869556,40.76107068283664,26.341070514237362,49.58768368748604,62.149846478810204,57.78193534187736,119.12251602840773
481,22.88512712707753,30.763484529083108,18.229092482534742,33.01370625904557,8.313562731778998,11.41303343290573,160.57956655222074,31.489179220686164,43.413854126096226,25.311725398651934,46.37441695931306,57.27446581967689,57.34333227076766,119.42331424630886
482,24.510400922445655,31.36188093250758,21.44538701616183,28.474979842563204,8.152089853260065,11.413016886638166,158.58876440494677,33.57378479576242,45.9425055636128,24.511324347111806,50.01539828829619,63.58739195286422,54.68602048203774,126.30350012287727
483,24.510260379653268,29.930987899566023,18.229152345824556,30.93583746182156,9.783125472174232,11.413000067688074,156.59883744676492,31.36277591651009,43.322009471912146,19.565059945183503,44.35221848560503,66.86792298640383,59.794350870915956,125.20427289700699
484,24.67246158292541,29.93099856663696,20.168114237171473,32.03317647333154,9.918131961148541,8.152015936083531,159.3668148953788,30.633892204286177,42.39221474215772,19.63283704917086,45.91271603714993,65.40126220080255,54.68625775074535,126.59840387579199
485,26.13787429890117,29.930956919959105,24.67258798928736,29.528797153493965,6.7233962659526405,8.152022118474699,160.57858301352513,27.861835844533356,41.79203557147033,21.196005276512295,41.91862731653847,63.607907103972025,55.00118869205681,120.36569211595231
486,21.195061377973495,29.93039680912927,19.700909035351845,27.717421453497245,7.291385701234082,6.7218931521484135,165.0046639625222,25.77992601952087,43.90079199955404,16.386381289357214,43.50504610054811,66.86801449322115,55.36247085390605,126.06170516181994
487,22.88420498423223,29.930904419906838,20.167509287969484,34.23917150200335,10.310929023769322,11.756875079390747,162.16877872050568,23.3446469601992,41.791894364207195,16.385312575448022,43.90147468656217,65.40030044645117,56.949043741752035,123.36415338987285
488,24.5112620545643,30.632959489984476,23.739477201310088,34.854799761515814,9.918105110667893,5.156545840473053,162.9208775098398,27.33189981251663,42.29732436869927,23.73965992044053,50.22691346422591,63.60801449269372,57.343313842272536,121.54099308597763
489,24.45701450020875,29.16635235545395,24.072488081135464,32.608026873677844,9.917094978486515,6.522010278529227,167.67403473704752,26.541965754257337,41.66446123761164,21.19538877457271,50.22686846867027,61.95612052928806,57.782903232740516,123.15930353967411
490,24.511344087243103,28.474385665016566,27.71673375206796,30.979198440884296,5.879133254434362,8.152011978685122,174.9125077024566,31.020968355682875,35.27220443622436,25.780285416546473,43.9005630166312,57.64471238465009,57.78190715474151,126.06171802886703
491,22.885122480712244,29.931201769264106,20.429672760266044,27.76597700546129,9.917049557382676,9.782006430106993,168.5351943300657,25.779490639665987,39.804031035466814,27.331470304904066,44.3534412681245,58.71770101098672,56.22098788249906,122.81445859987589
492,22.884278038758506,29.166084535532423,25.520317722932,27.909402922922567,5.8779289851865455,9.782029988979014,170.12920804340573,23.73955254220563,44.7705265241233,26.289044755076294,43.32195899319105,57.27429688239738,55.36335145543644,129.6372381308675
493,24.51128322668804,32.11586660518414,25.310688241744497,32.771745290415154,6.723110991111921,3.2611201719679324,162.92087659970352,28.475522929848427,44.502909317850126,22.884204210437257,44.532273102168226,61.957045393159284,55.3624234619338,129.50436014659593
494,24.456003155785222,29.16685567334141,26.290154299509652,27.909167979215013,8.152319022133623,8.313613483002449,161.81583429029737,22.650771653258285,40.89100798049077,19.63279938926856,40.761424296692844,61.978447857008355,58.92148845380689,131.2568276203884
495,21.195055933123854,30.63407336957403,21.87414809782597,27.71707670287125,6.5220139408947055,9.917135720850283,158.95715926440903,20.752732942920026,42.39079769208035,16.305001056275994,43.900496840210394,70.12800891444483,55.769190712343786,135.11899394262835
496,24.45601226502493,35.75856680514814,25.779251726243402,29.393314843432652,6.522171023656512,7.291833837561724,156.04566069977693,30.764448803696816,48.85907819593872,23.344309139728324,49.587833839519995,67.56007950013212,53.107591187018606,131.0856583193136
497,21.25771732159708,31.361839824025672,18.589955898423476,27.718085477402173,7.29144503902725,6.722605981549185,152.84408008508206,23.17449559837712,46.029837536073444,17.935060355288496,45.09572305334876,63.60793338308748,52.402754614281,132.41723205033998
498,24.940285926143623,32.11531998318713,23.73953631149385,35.79556583913459,8.313579609247526,8.31370356580628,152.53946763201677,30.32890426601333,47.53525895098075,20.16748333164616,48.63994365462583,65.7255169487516,59.05723859856373,132.55727934477991
499,22.826026140286135,32.11623351615823,23.343845530473253,42.79727760354723,3.6456971275476437,3.2610763566430268,150.31859893946339,28.051492816463444,44.532407474265554,19.566001797979652,42.89093705664081,70.27944243699987,53.778926585587286,134.18225614374666
500,24.51133842103288,30.633861815388364,22.17548781367113,42.297539908849195,2.3054754217219426,6.722662249622531,149.33375288223698,28.846651873806294,48.145853093236006,19.632873476050346,46.37432031182589,73.4414709851474,55.0011566589201,137.43073076194833
501,24.511324614234105,28.474379994811144,22.708676565620344,41.2479376163883,3.6467856940655374,3.2612447871708676,148.0376023924106,27.71731347116053,46.028929087445405,17.935050856619313,46.68849121168265,71.75755620266798,55.36260268658002,137.43074732586533
502,22.82620153784683,26.98809321198756,22.709210093318966,45.94267664413483,3.261015737030589,12.73430814268675,145.54835045909883,27.3316514633689,45.41829496844891,16.386303697661784,49.049315805404376,70.10811620823365,56.59670509238321,131.45003053755798
503,24.511361566943027,26.988020056444423,24.23839174530981,39.43566787052134,7.2909064897429685,9.506714019619992,145.03505954614576,31.658571611372164,50.015023300090974,17.9350419779385,49.04897917141747,66.84800002272362,54.41825417754874,136.11920014632378
504,19.835905434226028,29.1664636103416,18.22918524659531,41.79192011640077,8.313486828860725,5.156421030996257,143.67283169844555,29.975489286985404,44.8590611769922,22.82603109514064,45.912904517087824,70.18479934928375,52.80703333081678,131.89445092679375
505,19.6328704593182,27.717432758696443,16.386273386021646,42.32867053738403,8.313396116012322,3.6457012223331113,145.28237134840836,33.01441059119744,47.39496265530341,22.82600706094075,47.47867995530719,75.01775806593109,53.08308393514873,142.4464142367523
506,24.511298798377993,26.9891794288452,26.988012246496396,33.25464756809749,10.31147258705567,26.54156243430083,146.02118585727715,24.83506763175723,45.41826948221423,16.304063374529736,43.50499438271362,71.90566677269217,53.40770600987296,135.80645565521206
507,19.63298264880528,31.36285644101295,20.62355400761954,26.137877009509044,8.313391028167493,6.722616883803554,145.28334346276716,26.989390499413023,44.53248424275307,22.884228941033527,49.048976788739665,68.6527074174157,52.80705508084335,135.9532211503925
508,24.4560795894691,28.474862655326287,26.341072188182775,38.755093163689146,5.157517228951275,6.722632640535989,146.02210087571697,22.65141174186381,43.901014515024556,22.88442005101659,45.91357560539398,70.41195817224104,54.687002441846836,135.80641796031247
509,19.565077039434957,31.362608853896354,22.708681303551653,26.8899252105744,6.522090994482053,3.2610523284173403,149.8752499075689,24.889669966947473,46.68930740740184,24.67345270230543,50.226931262494,65.7256952811639,52.402749740612116,140.68072388440896
510,24.457074476875835,27.717283698422477,21.445465649177223,34.27786947548116,6.7216886490941805,9.918027506762595,146.02121375119063,23.74049115031346,46.9437215232443,18.008078347477856,49.048058000298454,66.92769367555655,54.19886692065655,140.9826627196299
511,22.826009358819125,26.988566360977188,16.627065212658806,27.765897968573785,9.917125747879899,8.313366241057631,145.0362732430519,26.340663320431332,45.41954140794021,16.626922055259765,50.226867845432075,66.86714772695709,54.02585402558332,135.95321856086747
512,21.258582204611923,27.718644454312233,20.16734065677563,26.137908744779093,9.7830196300326,5.15546871972677,143.67286608522892,27.861967090035925,44.85868843390327,21.258683847138084,48.64092171391166,71.73925838086612,52.57994599295817,133.75617449311605
513,23.0576665028047,29.167101947314272,21.87474173244295,26.137942897529214,8.780143462832612,6.722633847720763,139.12262373766137,29.39491413395421,50.56930659818698,19.565016413682073,48.28449354284009,66.84819939289717,53.902671821313625,133.2773244779134
514,22.88419973324493,27.13662081249285,21.753400078139887,26.13799169631233,9.782073847610155,3.261011106562067,142.33398606537892,28.474733946123305,47.395772673407066,21.258582704863876,48.640944327719666,71.75768730965962,53.08327023297881,127.84128773447874
515,19.83504808011876,27.71854236968855,26.34029515699639,26.087024696634387,8.313428137490861,6.722634947906652,137.51907385176094,26.2907011357462,47.3944976575088,22.884410777226364,47.47992354862846,73.82054829156228,51.48188366577756,129.46288339991963
516,19.634093036993512,27.13616104308248,24.834535969354558,27.76589301876903,8.152129416552757,9.783012410801092,135.63056277925236,26.988967232741544,47.394404165451505,23.344618706727633,49.049282468131615,72.20074242564479,52.579957776515705,130.6895426896866
517,22.884300834223605,24.887145472833193,16.305380436306574,29.34804714603726,8.152276140796499,9.917862138113556,132.70816474925525,28.474716191329897,48.17397595841258,21.196003520254877,45.91357611122363,75.00003383424304,54.68600596905647,129.46374304350167
518,20.623432271850387,30.762897852008944,28.05234410423125,38.755091138594956,7.291475132336449,19.014734282946943,131.10539215380214,33.61350830373287,51.06671900290631,18.008187334168337,50.622149062593614,68.55572178909668,53.903744950688676,128.21498437969143
519,19.63293111185492,29.393998661674118,21.25804649922586,29.348009571090188,6.522091512889089,13.14462654553578,133.0182478388458,30.06437326267629,46.4023953364652,21.259061702727667,47.952467022895945,73.37000238178425,54.41807715162426,131.89419698450203
520,21.445398579240685,30.763231695996463,26.988766352410835,26.290049394660564,8.152078244477833,8.313587352977297,131.10618725360845,34.0448286570695,53.23281529997916,24.51032810711293,53.630443422579596,66.86787078158426,52.580115238873546,126.06172530662963
521,20.623282561754248,29.392592578855066,29.393059430910316,27.766003314211552,6.522372417349448,4.891090696950547,127.6022290230161,36.63995491466275,48.394121451803365,26.28993572181184,52.62977657412958,67.34322838446792,52.8073040731301,125.71325570270328
522,21.19638409082101,26.741865959954207,26.99014992939611,34.23900051525457,3.2610000438861015,11.528955596333239,128.67023148828477,30.064746370522514,44.531894158301846,26.541546045808975,51.06674949842258,67.02671584995764,49.15694936294743,129.30966265216713
523,23.344214072802206,27.135830678291487,26.543527433832562,29.393232635389477,3.6462400963492607,11.52898661717186,124.10656578078184,36.45722580408106,45.419541895996666,24.456011695914814,51.0667015138838,66.86790678638977,49.15707113013156,129.46369530485552
524,21.444414051740846,29.392454044289266,28.4759049593448,34.27782495579926,5.155594314855386,9.918116158839009,124.70359566173968,39.671552495319695,48.17316098826861,24.5113382646323,47.47896035032284,65.72452111646415,54.41806567273864,129.63816736146424
525,21.75304614343013,27.76526258568478,26.891656881022655,21.44538730916431,9.78300068463655,15.032011426970158,126.62936998150657,41.91874859176242,47.535315124492435,28.1452925298646,47.53489133642607,65.29947660981304,52.80706039584361,129.17500347850768
526,24.941266179001506,30.327820145734883,26.54287326017291,26.541572292818,6.723361874089222,11.528810415408977,120.62007467400679,46.374385463303916,48.858199573770015,29.348001187573153,51.55877633184677,65.23836688421004,55.53083403285989,129.63805382998723
527,21.445385270928963,26.741856424836936,24.240032325007327,31.020927477689394,6.5221153341051,11.528984607718403,120.61989405266274,43.168146190728265,51.17100026496277,29.392296042769406,51.17007802944256,65.4011429241323,59.25949593562407,131.25783094838985
528,19.632879170378676,26.542279211546347,25.78277370951439,35.90706252607857,8.313381335884982,11.528827871294112,118.66410222035776,43.168458109997744,52.5799981697865,26.138002014798815,50.01408661597479,68.65354515170125,60.87436098391119,134.4988739993755
529,23.05777246723166,27.669998833602616,23.175344033430417,24.51033205531919,8.152336597231601,8.780067461773646,117.07352610271292,48.94038540183942,51.8165591026158,24.456000000692143,54.198593305158276,76.64737042225686,58.7186323508612,137.9240388184048
530,20.167147906810836,25.467902133413396,28.05477323852916,37.53545998859233,8.15215081255056,16.304407558996324,110.72607581199348,50.54354520803467,53.10770018000935,24.457179193007654,51.558723684476305,75.00006203661584,53.828719396256545,133.75516315477543
531,21.44538806909456,25.468614848458706,24.242166225036634,31.02090658136219,8.15201924808969,9.782001988991954,115.12758572971536,55.00167529186608,47.47895386274339,17.935355157813298,51.06675668366614,75.07087095617624,58.718637304749564,135.91437565179086
532,25.311690714294485,29.393073543501753,27.670307609051584,27.764897660469167,5.155751043729825,8.152000997613333,111.94315531607207,50.64939221111649,49.50671379369995,21.196000007292344,51.066705470305706,76.6300073124721,53.828725646104225,131.45015455037685
533,22.70880681727337,27.135886286230694,30.066901669610143,34.39396485073391,3.6462735417787933,4.8910363008606055,110.35232996429752,52.19994096746073,48.47611331145444,16.305016421515226,52.199061551502915,75.0177107628632,55.45798971914,134.33071853689927
534,22.88424739143069,22.176825484164468,25.783666215082846,39.13100607866406,3.2614911385440184,15.032095476724969,109.37353189833273,60.677566934757806,51.55905948387857,19.632941269853976,48.64115046321669,71.73900020091,54.19772931697163,136.11926335096737
535,23.34433538817521,28.050788094954306,29.032178749371294,31.489072358819154,6.521003329864216,51.81555238571461,106.1663817363532,55.4596185804232,49.50766138962302,16.627877500150166,50.62248901521461,76.70035565385086,58.78553575709315,134.05337832584294
536,21.445630225263184,25.467885502493196,26.991349870638206,26.13793691369908,6.522150185032609,6.722658404301744,106.47910045462142,50.54329594713188,49.04872001853085,17.935071983758416,50.62240958008239,73.36900386702851,55.45800473397156,134.32972502153942
537,24.51033406154167,26.740409870770534,30.065614798802297,28.890967696720093,6.521004130929546,3.646210834417655,107.17567919140888,52.174364643607355,49.04847221617752,23.058049167951793,45.91358503783283,68.65344567584229,53.90268549137503,132.70851852956693
538,21.258799433934353,24.238488512500115,26.74351233306666,18.446475572147847,3.261090932281525,1.6320814061831928,107.17581971199957,57.8992818627529,44.858925834294055,18.229080168823923,45.47744681044098,68.49739780791931,60.41407476326526,132.87773009147355
539,23.057763220535563,27.76583240360565,32.36381897606644,21.196007509362765,9.782005008698404,8.313663335551919,108.76435684214279,49.021867670508534,45.213445562912,23.05791960587968,43.90149864687642,65.40126024310018,57.27423632095165,132.7086115267341
540,21.752984703538946,30.32884011182904,29.97544868502175,21.19500049917432,8.152126185736073,11.869804560275078,115.12767818960403,42.6735749140847,48.14588460816183,24.4560846684135,45.47765648126802,65.54332957432136,57.89753437522985,130.93336758686144
541,21.75210151892457,30.328552911351345,29.976444442360467,24.51127921647546,6.723132721522241,9.917872822034031,116.39034784337416,40.33576715389209,46.14438963840877,24.510504545604306,42.79695159820154,64.3351842978283,56.291447031666195,130.93336844941533
542,22.884213328331263,28.050791066757206,26.74325321566419,29.393244484590646,3.646140019467258,11.869740110230174,113.89691889111634,46.403568201205886,46.1443612907461,26.290037775721032,45.91363306789066,62.72462023751354,53.82872192079181,130.59791501317943
543,21.445468800697256,30.32837067022229,31.150977340512657,21.258659197504052,8.152279509134164,7.290953917454816,107.55956427095566,51.19683965480719,48.14585517507999,24.456041660699753,50.227094272386864,68.96154215933916,55.53091708834041,137.3048923446438
544,23.739516457815345,27.135828672051296,26.543860963408598,34.23900035565038,3.6461869951498738,9.506728170386669,102.66592030451315,52.174246868066874,50.56933410761593,16.38545542912499,52.19880420943797,75.07086090712406,60.326000626476464,134.18225329188067
545,23.344393904835083,26.741885462250064,27.137666272438995,27.717002456354532,8.313609786539276,4.61185495245676,102.96302386276426,58.785802585388176,53.630772885057446,21.196065708458377,50.22710745054708,75.01771135500333,53.82868488083354,139.05615124635773
546,23.05778659519603,24.2382389826052,27.768191022592884,27.76594667779683,8.152012200850523,4.611823638453225,102.66571438131551,60.34842395737907,52.09723999692881,21.445659784123162,47.0570045696844,71.90653306516131,54.02588322731575,135.48302736794014
547,24.238033159280924,25.779778497966372,25.36693425857447,32.60800089525393,3.6462561842657277,10.31124281871468,107.22507280473216,55.65063690585752,50.56927758080176,16.30500928533318,49.88174744121659,71.75751640997412,54.19775343891695,138.93180202783682
548,21.445385399944918,25.46846127110719,31.151482171088155,29.52862209866382,8.152042595608096,4.892024482515344,104.56474302177978,55.43555180170623,49.04868161748461,21.444550794543616,50.62216453396421,77.06239033607918,53.90376039946931,132.22595012133593
549,24.238035330601893,29.029202129756346,30.329282637246806,26.137875605756847,8.152067886515713,13.145578858455627,104.27210729030432,48.91318614804207,52.68084591889896,21.25797933527475,50.226866761187516,77.06338638336622,53.90373751889972,138.7403813178031
550,25.31169378953502,24.457334443365852,25.781943727997,29.393245697542557,5.155542454753057,6.72284758703214,102.42017340943423,58.71778766734525,53.97692172868189,22.885195380771822,50.226868052158856,73.53284599206144,64.60314959228414,139.19945460713524
551,21.75223557414477,21.93584905305795,23.176410699728784,35.87001689842262,4.8924550032400305,13.931197906723208,97.67730913249903,66.86701691014713,48.17396549018565,26.290103292846364,47.9533440765958,68.96156992251474,59.25841248015571,137.04433647276252
552,23.739559674676446,24.07345658348303,30.06381610349729,24.072623480859434,8.152117376026716,1.6318070126691124,91.82746053033364,81.87968164906478,49.775689735463516,31.361750026073494,49.66915416282024,65.54331877779626,60.34806708868919,127.18448335810088
553,26.339770929289468,22.65073081137227,25.468119690897712,24.238017442380837,3.2610914108453257,3.261029944760518,84.56244588997299,90.95515035677693,51.17096938822469,29.347001196163806,52.68083908119784,68.9616427796213,63.58700389734657,123.92372974798099
554,22.708661380316574,19.633638121672906,25.468229466048168,25.31169188869523,4.892335694810854,3.260991013682948,85.11098023850549,92.01587303208295,50.569286620738254,27.718013227362547,51.55873372808891,68.49742776031835,57.27423116044728,134.05346035005576
555,21.875081505027634,19.902508269018995,23.17376349475899,24.941265891555716,6.522191433930844,3.646398081411394,82.49434051678551,94.11401535287249,53.10884926794468,24.511257601955837,52.63010676464126,75.01779367703449,58.717661393372175,128.89787523876532
556,26.989136531860026,21.258092602219588,25.364544176004152,21.752992823058523,6.522158815547627,1.6300062448174808,85.11158275348987,90.39792635994799,55.17061066322052,24.456015458062865,54.19827634832688,76.70044002547114,62.299274653400055,137.4317310569498
557,21.258436625405015,19.632799337245952,26.741597232563347,24.83377675732003,5.155590725916442,1.6305492366451204,92.5335321373089,86.96567921141549,51.55875230394829,19.632883284519274,53.7798526382104,75.01778711398998,65.2984820704133,132.4267939156573
558,22.177036891914046,18.589933166297925,28.052272535805457,24.83412456194288,3.261393434047655,3.261685524872192,91.3774715631261,87.1637893747288,52.68088298442434,21.445234481887347,51.81674848101922,78.32891240207199,67.16540470021128,137.04333084179638
559,23.344647160893093,20.752278368823248,25.469281840933377,24.88828642830373,3.2612675168469067,3.2617350162269707,93.73276777433298,86.47530682862725,49.048662646207234,19.83497593721968,51.481087761588036,76.7003539601376,55.530871187765136,140.55892126057225
560,23.05805408321538,20.880417646058746,30.063821613454614,24.88757441267927,4.891329942187931,3.2612730268410197,96.09824777810582,80.15853882271074,53.30771856851126,21.258813123564778,53.08326929676951,78.41368639183482,57.64434861355075,138.82667801511505
561,19.70077692265208,18.58987766222263,24.07342431575212,25.520298137414095,4.892227677776598,6.721693870056579,96.52691790178528,83.93135028684908,53.97696240271473,26.087011598878078,53.77961223373923,73.53189946511893,64.60214709574309,127.2158024711946
562,24.67258637489573,24.237497478815424,23.174643782745044,20.752599641402874,6.5222992974325305,3.646951717010918,102.41992412819,71.62772247054086,49.588454055503284,20.168198203730693,51.816606327204546,72.6411776505656,72.91524673134712,133.73574760847933
563,21.753697176519708,23.058066312414127,29.02993965205249,24.072998389870943,6.723160931509535,1.6300429938872734,102.41993121421956,71.7583438227526,51.17097664477425,26.137941241854264,51.815557069142976,71.31114631780932,62.99854921286067,135.32601319060012
564,21.44543848004984,21.93507284533217,26.29113277787665,24.073417834851004,4.892152006962212,1.6301962416948412,101.57273824531897,74.25267969318794,53.40729987386958,28.146216316041148,52.199050811755725,72.6413009055944,60.67756394256314,130.6895925727279
565,23.344451050655472,24.887356409357732,26.74142259235438,24.073670548144552,8.152145495329785,3.6461777102288138,94.52283341403442,80.95120626958557,53.10763523723515,22.826118802503984,52.198799889154884,76.90805763759053,57.08831225864462,134.05345970050377
566,21.752094674564663,21.93505637797917,27.13704774458218,26.34112335562498,6.522222199723661,1.6304622020764497,97.45880977386553,81.78253367706341,52.681271016208875,22.827169002964887,53.631713768022095,76.64738884631366,52.19848743742639,134.0534617686935
567,23.344340735985902,25.363930556316053,28.52136947245384,23.343984167794837,9.917906363775895,1.6302865076326263,99.50968070001377,76.42275049367485,53.63171287995085,24.673459501671516,52.630047876422466,78.53234349534695,50.648055227805614,135.67910204845217
568,27.861101108845816,28.844767273331197,31.319648296146685,24.073535961152423,8.152028595047046,3.2613332423474892,99.66951125988045,81.52343399352246,54.80768390670464,26.290067240607563,52.63101315836151,76.90805361582896,52.40275339777055,138.9318932951622
569,21.4454164612167,23.05735047510275,27.136824852609656,24.072555005781354,4.892258217806518,1.6306963597803807,97.45881519272201,79.94274081650721,54.19857215652099,26.087011953283024,54.19827243238683,75.07088717823075,50.569329587477384,133.78547441476925
570,24.511451751542655,25.36321437456217,27.67063830142669,16.304549269334867,6.52225672763359,0.04054300000000005,104.39882073845106,70.18512164562539,48.17399239971917,24.6723481231554,49.049277434480366,71.90660544041535,53.90275912055677,137.30591002202218
571,24.67259604075359,28.844712667426695,31.151464400613325,28.89097192596002,6.521024795865232,5.155813282266938,105.97890144062269,60.32656405965694,47.53530364091977,22.884252612659182,48.64094701478619,73.82053255203051,53.82968842156251,134.1822573964623
572,22.88439997011844,24.23886331495855,27.768858736224583,16.305133083925785,4.891114430357277,5.155524466591602,105.97889382135669,66.8683600122181,48.17391531731259,19.63291092744734,50.226880406558884,75.01776180108486,53.82868488425522,137.43074681963773
573,20.624403291337362,24.238100126307327,26.290431389817122,26.989065827970016,6.722998701479859,1.6305602958995369,100.1094526586792,80.30671772647564,49.04865922326353,18.009156020086035,50.22690467185109,75.0000004521015,53.804004798715305,134.05348974097666
574,23.34478451412243,20.7522303552204,24.244637260542508,26.889929337968773,3.261312961431355,1.6312926427848278,96.9533421413608,73.36926175139226,56.150181803593036,30.978000093512325,55.72178060341416,76.64833428745001,57.158203611411714,132.5572509537182
575,21.75327222342889,23.514715708633506,28.84569038083891,24.073368509172848,4.891239629077295,5.155912872173939,95.41926517607915,79.95849970858656,55.458345642704,26.08703956814754,53.107623123365336,76.70035519291199,54.02616458149993,134.0524529590901
576,20.167081724905678,21.93579959325821,28.522440593152425,24.834200956069942,8.152118791583007,1.6310840771465747,96.41701199835137,80.7035393103364,53.63077004830134,22.82600021652363,54.1982721009146,75.00004566364373,50.54402698714616,132.4278632413742
577,21.445392108568612,23.173132085612508,25.779828593030018,20.880060064143887,8.152083441026335,2.3062508842623948,98.54420759792578,75.28385599981046,50.33238300547674,26.087024312854435,47.95238796491749,70.41166901931089,52.580177803786235,135.8064198462189
578,21.445869209086013,25.468083756908346,29.395005742223482,16.385377346652366,5.156757943632354,2.3066798816102274,104.81828468704205,65.23884656495171,50.332673612842136,31.14925197933467,53.10758802562817,71.81308377693863,52.1994688389909,132.70851194057752
579,23.05779150699357,25.468010240858764,29.031828486079256,19.01402663534694,8.152001164342948,0.012803000000000009,101.67678598583471,63.608360687125376,52.68091773144999,24.511405172350656,51.0667045330169,73.53187076661023,54.02592221124609,139.19951894995546
580,25.311525893893222,24.45642934121186,25.467839570486227,26.988107019353983,4.891170154145549,5.155794561704328,98.09725667515085,79.94170083631266,47.53536177209876,24.673446949692018,47.47879970106567,72.20069391070658,53.828721928305505,132.3163913572373
581,23.344389289532995,20.880419408817954,29.029533000618894,26.988026592022806,3.2611171521679174,1.6316380797006098,93.3914227943804,89.80847324832406,53.30769900912735,21.19600014205781,51.81555408325019,76.64833560325025,57.43664871131145,135.57138818262982
582,26.988912875038153,24.888266409998785,25.779209902633184,24.239313731766444,5.15562665390311,5.155785503305502,90.26484262904242,88.9749910865981,52.504365240637206,24.510268604416503,52.63101887503215,75.44184948053329,60.41433610489538,132.06603449009486
583,22.708967865998282,20.429676946112007,28.050977198953422,24.833786556461558,6.522554496690936,1.6305484583243717,84.56244067354191,93.37807725633459,51.04054690467602,22.88425250039004,52.2000318740458,75.07087693000454,61.957129399263934,133.70494099034713
584,25.310733056724423,21.195501896867146,29.029176001678092,23.739270460804537,9.78300051683533,1.6311110026117455,86.10499859002387,92.14518279074709,48.17400749875308,26.08700001955193,50.622219585683496,70.78816215658618,65.29949049370707,135.33582837771917
585,24.941283817796634,19.084138399729387,26.54155161131086,23.058753407464256,6.522212525907495,3.261033507507825,84.04322241166393,93.39151955195224,51.79046620189469,24.510277496371533,52.63008535638232,70.78827196363336,65.29951456286366,130.44418459199977
586,23.344857988551226,18.229354463914078,27.135816879219753,25.310460241007114,6.522267476010462,1.6307982831729941,84.0422719409229,97.96204237128296,53.308096461566386,24.672460104630765,52.20001798547071,75.63543822182022,67.02668888479731,127.34112887419124
587,25.779940309709392,19.700744728203595,24.457205954725108,25.31168372692358,4.8910645843441065,6.521043093083226,82.49436020784995,94.95780799342126,55.459197097125774,24.51035823175275,53.40770400625828,77.06250799199496,65.40121360793407,128.84525041559613
588,25.52050652417458,23.344903137297447,26.7403897113683,24.673590098761306,3.26101876226497,3.26102579671507,83.55039394760591,98.09832644428951,53.97698596946282,24.456087718848345,51.81555298956366,75.63536336248022,65.94751737608202,130.44519065246948
589,25.77998183957656,18.22992457790283,25.780509358996863,27.71719179855484,4.891068766240789,1.6301422503036307,89.80832304078639,87.39161444671421,51.04052444725886,23.058907808965298,51.81556358063863,70.27946888840899,63.67059843604274,130.44521027484492
590,25.31114680060074,23.05733829099012,25.367470830790605,17.636160738863403,3.261065889076784,0.05159600000000003,99.66954034101964,68.78965267488005,50.33359062226978,21.258702697716238,49.50670938695919,73.38810779367432,53.90273733639464,134.1813226028153
591,23.344160397422083,24.456465904013577,26.29172200200339,24.45720807973335,9.782000159052117,1.6305331100176976,98.86706660123275,70.12948320068949,53.308159847775705,24.45607275747735,50.62214507807906,73.65930629997438,52.174001112422594,134.05337733920763
592,22.884140580732552,24.238099652522763,23.51801449417038,34.239030155297364,6.522191081655373,8.152013792923492,112.700525687124,50.64933364076169,51.55904706207044,24.45703282012121,50.62215089803895,71.75753869769547,50.54300005855906,134.33071462570058
593,23.739486884800378,26.741184553267814,27.767702300242277,32.97375934032398,3.6458211250176746,9.917067457590415,112.31073543088758,52.200015806995914,53.30809426887358,22.82600464815273,52.200017932720925,75.01773428177636,53.82868649782969,135.80641843175505
594,21.196307908502924,30.064186022233304,31.151914166582547,30.063958662460287,8.313512819945354,9.783026517253514,113.53450824932226,50.57067944757391,52.50346656459313,24.51025993793264,52.19880029675146,77.0633942929067,52.27582044887029,135.41435729144717
595,23.0577655601237,25.778952768036284,21.877010054849862,34.27778169718248,3.2613256666184314,6.72163602433213,113.89678923448022,54.027241642504855,55.45869484603147,27.764988701533802,54.19827976513863,75.01771585488825,49.34577509906393,135.5714006565048
596,24.941319939965574,28.05138608992513,29.97680247980248,28.890953642759886,6.52205269708277,11.528816241551263,110.3523055858655,50.64974561588001,53.976920190583634,22.82600626290727,51.81675130276127,76.78599239236542,53.902738973179275,138.93179660019197
597,25.77896245937626,26.540973596274593,25.783871061113068,17.3323241418942,9.783020504982105,1.6310598874747912,107.1755627414526,58.69753984476874,55.45835785308237,24.5104121935021,53.40770613907601,77.06249687107325,54.19776495473593,140.5578109758839
598,26.341072930373183,24.456413640132162,24.242347180120227,20.75216982437996,5.155925030680828,0.060050999999999966,97.2809208060242,76.64990109017087,56.31518963068181,19.56502608091581,51.4810840934084,78.41368552882129,55.53087058138133,137.30596476768355
599,26.340205346826934,19.902694516699228,25.46906053693889,25.520245766110975,8.152030821941839,4.891171516469305,92.533549008074,87.39225478594604,57.621387309934555,24.51135941545477,54.68715812929549,80.70225007604472,64.91095383406048,133.69500009286176
600,23.739500637252863,16.78654691726756,23.058142353495874,24.83418740045262,8.313634469304121,6.522189363242925,84.23220603096951,92.53372604308842,56.87817426136382,26.13800732193639,54.686978371774,78.87012045512645,64.91093888542272,130.47574365256054
601,20.62344106987242,18.589914312824064,24.88812086426142,20.16749621830228,4.89148312375793,1.6304287128755386,82.25279006442446,93.85981406706058,54.6866204871175,26.290042393040068,56.947771557409375,77.73210963761515,65.94756373168946,128.96896673050412
602,23.739478990033145,18.228506294450153,23.172427238614866,21.44546208000714,9.783003424011733,6.5221343074745,81.52186192943607,95.41964303742651,54.001979351151284,29.751954329490662,55.3625926475009,74.82301289790254,62.999420487255684,129.06171241439583
603,24.941463337324272,15.468098091199701,22.176213884421667,22.884457509760278,6.522163929445857,9.782111450143242,79.95738382620316,97.51366580893169,58.0584436338421,34.85558180773382,56.94776998470383,71.62819505188045,56.59673775701505,127.84111547925647
604,23.344506089793363,19.01432750937926,24.888195207556166,24.23805683721564,4.8922025381473535,2.305950168421012,77.33888027843837,102.66609743723905,59.28099676428139,27.71709266894584,55.00213753567694,79.62499837456483,61.39617570519488,123.16029545474014
605,20.429247157633217,17.63613807621228,23.17335697351647,24.238077998329935,5.155828527246482,2.3052095213068964,72.36667975319519,105.72738533796226,59.07926453613193,26.137939987375024,55.362354328357746,77.73323980253701,62.29923972949467,131.66227384518547
606,25.520250514554586,17.63560633402418,27.13585958351781,25.77894473269961,3.2610538749038103,2.305589293136132,71.18111565075768,109.91787634018873,59.86177023965302,26.29011051652233,58.19511006540965,78.02339984446255,60.32600294064657,128.21485045642197
607,18.589985641655154,17.021818280639728,23.514469477664644,21.75233032510345,6.522274256372841,1.630044621389545,74.35908466641814,105.72739044342659,56.14882942090813,24.511279780593494,53.40770480514452,78.02344419596804,57.89751346820995,130.04751862998035
608,24.2380375223834,15.467875822398039,26.29024298753474,24.67382343615878,3.261100286808854,3.2628105973974577,70.6377030132155,110.88172532154661,60.52447383445152,26.13796626563024,57.89849298554556,76.42208168227359,61.97750506911825,123.36513981801085
609,24.238025708850977,19.69985060412636,23.51488075891701,23.05781697539369,8.152060315459014,9.783188234586063,71.18116659036374,111.44355440500422,57.6444529892701,26.541561143403456,54.68617347498771,76.4221480227215,60.524063135814856,130.28157336075063
610,23.34418634192112,18.22842996412313,27.13581840398454,26.541590996627367,4.8910800435409145,6.521176304494723,67.55995265710763,115.4964046676934,55.434764719316355,24.67361911530209,56.03119375676155,74.52041839032796,60.348176409403614,132.1460504025991
611,20.623648588075813,17.55974106242576,29.166401599258418,24.941316263829467,4.892385705422601,3.2611789029860283,64.50024847092125,121.68347234262599,54.68663270794764,22.884154863491396,53.40776022578609,69.42272618208422,54.02589803610604,131.10625545680918
612,21.445473259177273,15.467739884709298,28.52066590240285,26.541597942477072,6.522023725689991,3.261312407543956,53.233454853146206,129.94455949549862,53.232388719139024,24.67344704529344,51.1962716113538,67.34330340048058,52.198490212494164,131.10642714909412
613,25.5202953196619,21.258662604566684,29.393291864952012,24.67248301734191,8.31343421997733,1.6300004505962522,46.632374434225916,140.27513158592785,48.94115280967422,26.137874287979646,45.47739177092415,69.42260975322101,52.199482677399146,132.4769237310386
614,23.74001148173607,18.00901107341103,30.327547889805846,27.331068503124882,11.413050661765896,4.891789616500303,45.095778264580865,152.29541847174175,49.775716313595375,27.909191277387855,43.16771983613645,63.920568187948454,52.173025037262015,124.9808252494441
615,26.290265759088918,23.058336735900404,29.39311226972442,23.739490739963294,4.892002033985718,4.8924314497730474,29.393725746816695,162.92116955085172,54.29590028745287,37.53549324638833,44.35219376448426,58.195110559926945,50.56939240309548,123.74094328205244
616,29.347191104367777,26.34020879049096,32.36254463021,24.23801550381186,6.722861004926087,5.15643452711272,22.651663102794444,169.8550177042084,47.029431591350175,24.940319596484436,43.16790816062299,57.436524084654096,55.45900002979701,126.34480732620828
617,31.02208371610534,22.709608979911906,30.328375020953526,24.073385393004976,8.313608454577633,5.155900496485899,24.23871234452265,172.57949109975374,42.297053004742175,21.752997336943196,39.19829819355692,53.08314994768729,58.696006470232675,124.81043331813272
618,24.511301250394734,27.860785397562395,27.669986928334936,24.07248691761741,3.6463269154501816,9.917040511267489,19.703883605902277,170.66693833495748,36.639148753134606,24.672478146923115,37.64192174587387,52.58014304917291,53.82971615683889,122.19561992977555
619,24.457000000270423,26.542080399995914,24.2388388312682,22.70973641913712,3.645941686873385,8.152006965873479,19.087198533149117,168.08551994425346,35.2717349916065,22.176912147583586,30.45921310684828,47.730944246392475,54.02585021896101,122.1959586094651
620,27.764976622007087,26.88995452209291,31.320565317966317,24.07281970737639,3.2617135855522,2.3082890230837414,27.334020075558264,166.53591845722232,32.36239051546002,23.739522387362843,27.86084688909221,40.79381460237812,52.40275332499785,119.6350539328931
621,19.835231632608295,23.344486913813768,25.47040697165057,24.94230549117872,5.155483887262536,1.6304317220674975,24.514817388307787,172.89619814842206,31.14964504925627,22.884246099599302,29.16572610594573,32.77220035684641,49.15699451121912,119.15618871825615
622,24.673457780058442,25.52034899944136,28.84666055217633,24.673887733127273,5.878440529476858,1.6310191323218461,24.675334892803914,170.45658610049693,28.844710831096876,19.63384258709869,24.23821255723802,34.39553275946492,50.77916264303587,113.54644797279262
623,26.290320855178322,26.988213297541765,28.847318100986268,22.176243484802377,5.87844339852794,3.6468465142597783,24.943300891445034,173.20288430890773,25.46781621740826,24.510328785786758,22.6506259430291,27.861742219216758,45.91330838460857,112.9241877971389
624,29.393474883545228,23.344783880877234,28.847897145150977,24.672559971701048,5.1565529577813844,1.6300614775673294,22.887443742421265,172.45724888643153,32.28085102768931,19.63287144481611,25.310838580285324,35.1963900204464,52.40281640532818,113.54645788005124
625,27.764956101395136,26.340150044129103,27.76602902191314,24.941567861385547,4.891397081164505,1.6311839574397817,24.676475993326125,172.45623146975223,33.014431612334356,19.565174499929434,28.14642559923058,39.265968941924875,54.41929414551072,119.42326452377239
626,23.739844300210258,22.708675050493337,30.06357082485583,26.54163917010828,8.313835127094839,1.6311386729401929,25.52048090573555,167.74495793024622,47.61824825245648,31.02091956855155,40.33538638726857,56.59769586549925,53.80500075355474,123.74183755711081
627,21.19545881057362,16.304085871432815,27.669934228186378,24.510276630299316,8.152163958128467,3.2612668512345255,51.17188162869211,136.1773711817055,48.1468724356321,24.456027115431585,44.35251178595655,70.41071184618302,53.804048189556504,129.2062778495721
628,25.52030788066006,20.42925174590415,24.45648676201739,26.54172761250143,3.2613887418269822,6.522169866937221,84.78254706991481,98.09698689278743,56.94868758840488,26.087024340167517,57.2517882053993,78.27800193597095,73.38819323072622,124.08458476134999
629,23.057959494745447,20.879986443585814,21.259339305598477,24.07336821855347,6.522146831197216,8.152084143795369,112.41798550802818,71.75708764702627,53.10884478609969,24.45702016984279,52.631010354792515,75.00000576632044,53.80400053916714,132.42678681449664
630,23.057888307425166,25.468459751765895,21.25843549220406,29.166460383495696,6.521503668825116,6.522001346556257,125.75449547950741,58.78737541973789,53.108533857409476,22.826006198625397,52.63073074037292,71.73903989975216,53.82868515460914,129.63731605964142
631,24.5104600694688,31.320005239603386,23.345365557399184,39.43566497527169,5.156024477583878,4.892082240414163,136.73303587314194,34.04547456039817,49.048276879327766,24.673505634157706,52.19911304943702,74.01849800429976,53.40770957291558,127.3411416772934
632,22.884259673600322,33.9267308229745,25.468108971284227,39.66991081510677,7.292028177102043,4.8910031318968334,144.5946084377411,30.635848105064966,48.939691074860114,26.29003943960594,51.06671639990832,73.8206095409939,52.19905768293812,132.07520015974148
633,24.510260760336315,31.36192983844033,23.05865445283944,45.3019577673595,3.646373937676913,3.261006606263745,152.19102003800447,23.05974013581426,43.900756001527135,26.137881393337207,48.63997065958232,64.6031253248027,52.09764296759878,122.28308752058813
634,19.56600000001355,28.474386760681952,16.628263702996776,27.716972836799926,8.780058445098444,3.645695136619235,156.73415539591358,22.178606033117784,47.02859208859649,32.97375876967893,51.815555659850375,67.55992131431708,51.04048780272261,123.91300565046126
635,22.826000025172718,26.29011663392158,13.445685804886333,30.632530717331,3.646172317117834,6.721932113698317,158.5632741515748,23.345527940108123,43.41446867968154,23.739587594362437,49.88155198510814,62.298269614860835,52.68093831108258,119.20057706305494
636,19.632962846734678,32.48582944635166,16.140531716368294,19.83491051347951,3.6459608295038652,10.31137030344292,158.45427714807144,20.431294221590985,39.43483018926893,24.940348658260607,49.04804674852814,64.10755284323854,53.10895359660192,122.38086090354979
637,19.83491699434409,34.04494495373919,25.468690403587008,48.85825606109662,6.7216378029275115,3.6456876052082605,161.54473000257212,18.59157629453,41.15020844679925,19.83509198781865,46.68826382983896,64.10743244517147,53.10761571134328,124.0095071431303
638,18.590232574132433,32.485956970291376,17.63618520252596,58.378005225407954,5.8793532780740065,3.646113948863933,163.33719824518332,21.75428237804064,43.900880276291154,22.884125281632286,43.900545152335475,62.72359411321133,54.80848431657347,127.21589715277642
639,18.22942323435936,29.393148660475344,19.63279104112812,43.90081095535386,6.722785830376021,2.3060727073274996,161.54478565812494,21.198215597441788,43.41355202874414,24.834140889760825,48.640915586115625,62.298335345521544,49.50676467643968,122.29297815101849
640,19.632782151406076,28.475091737172097,22.17680929551784,48.9402559922169,5.1558237973462075,26.29015510017356,160.0822634815618,20.62562642183122,42.076763209705504,30.459197571629687,51.55914447736606,63.77485190111568,46.40231969993824,120.7511226148682
641,23.058226636391616,26.89007751552383,23.514641910382725,41.79169440833746,4.61212061121093,8.781059277028547,161.81599972762226,17.02529179069257,42.29750126105374,19.83499142780554,44.352491398567786,60.414103857212716,52.68084067888058,125.9236417086463
642,19.56521454369016,27.331117208683605,27.135838248915825,41.790804478796765,3.646272584602547,6.918451125995135,158.56330957915594,18.010153334913056,41.56822729638166,19.834745128336756,45.47644329417784,61.97755313345203,51.0667060013361,121.19062791286356
643,19.834960145056204,28.474447861919465,25.78026369569034,102.93709880614728,3.645855679124108,8.78004915308709,160.3145255109151,21.447601750363052,42.39120595356357,19.63298427326948,44.35221265550398,61.978833777290774,49.50766427423764,127.8412010969552
644,22.884126334178443,26.988970134394087,24.456701309866038,26.542160941326213,5.156730072786775,13.044054906178738,161.61880491696158,20.625883757292993,43.90084581389796,21.753308870852777,48.64091631624141,63.77501851052215,50.570240218503294,127.43512100750296
645,22.884233503012815,25.46795854233286,30.063895148333668,39.67009699418469,5.156734498890601,22.884207182033634,166.69521424382356,21.19844237887683,45.301189587735124,21.445393045724355,45.91400124260287,65.29891098968318,49.50767847909951,127.68524284437429
646,18.009008854055278,25.520250115997264,32.15788243250799,29.39361487283273,3.645779897410159,28.474644916469984,165.06923188828648,22.71073498716469,44.502001725541525,21.444396912107898,45.4776118151388,63.669770357858226,49.50770127190033,125.80746001122051
647,181.44746571530405,11.413000000527916,142.44655350657973,0.00013159340399999998,6.722845017069264,52.20001793107529,90.26541757925204,100.8369564993239,63.314231198500785,53.80400523779408,50.622401220554195,72.20038326510297,55.36265297779025,115.56603777357186
648,180.5961696394199,195.0672397534386,142.85655720872725,2.305168110217257,3.261000020769116,46.68859857612379,93.37831542754729,30.762843437923625,87.14902741276263,54.197852374739135,88.70562923966959,113.89737963230687,54.68627643867536,94.08625596208678
649,183.6541208719108,8.62409e-05,172.31812471704794,0.0001683581,0.00024211599999999996,163.73470000279386,63.41937736767353,9.917875849206593,153.4430027860847,1.6300000111555943,152.33854433137154,261.8155010098151,22.826015623740496,27.76588749286765
650,167.5860803640867,8.71192e-05,54.66241214033646,213.64287087570574,1.6300000178877374,108.98345550130324,72.7144010233554,1.631242731337233,84.65732549520955,0.00016092589999999998,84.65732549519875,90.427162097655,0.000878607,231.72760025172497
651,66.20909374547351,3.2610000015975458,48.17431722401481,328.4016749561623,3.2610000132757766,1.6310000015584953,102.34195400673669,26.290172191841158,89.19890477467192,1.6300000084046846,85.59420572094858,81.6680296140083,0.00080634,231.3663839131265
652,181.09554328502477,46.6884588844229,174.21188414399322,0.00013973050000000003,0.00016028800000000002,3.2610000007824294,96.29258978786456,17.33138481792182,89.80702926275815,1.6310000080688745,37.64221428131139,266.2402494290017,0.0007240559999999999,316.59828001510255
653,58.332345205600205,0.00013057000000000002,95.69673715348615,142.23203239781154,91.14409850440592,114.47934493175532,95.32152092478644,93.1637306441402,92.5335212398045,73.27879028466138,98.86706576340342,0.0439145041,55.43479910099388,77.86935590131584
654,160.08221069000416,71.51616735406569,79.89100001951063,102.10719099342327,0.000438214,103.9904832424585,104.00357294748,96.47143236801824,70.24186680255406,48.939866513960084,55.43511454750935,88.0581513720602,53.233407328068346,125.8722090329621
655,224.5979798512225,127.22584725619977,55.001154423952435,0.00014650940000000002,1.6310000349918425,57.04197290599239,158.5887854524783,138.42304219689152,56.31385634850201,56.87908890802221,40.891308965700304,65.72492190518719,58.44623361928324,109.54254387164326
656,227.1463112034734,74.43011655267465,55.362354256162334,0.00013799100000000001,3.6456852759962195,53.033008589032505,107.17609980720579,99.04187260544373,59.079255021547375,52.50437873712376,24.834148867640646,74.51936389691978,54.271910578575834,119.9126212680164
657,170.8460506556079,83.13637531207468,51.81561485567096,102.61332409598371,0.0005533819999999998,47.95333862207399,148.50428739861644,152.11118849618072,43.04441060638103,116.49359043209714,47.478704520988146,59.25857950643387,54.80812962461615,117.98943094112468
658,179.0809271150288,83.13637531200581,45.476422620660664,112.5478467912214,0.000587974,113.8274929751317,150.0446097530736,121.00466459631787,45.41860748756778,16.62697754798424,49.5870761635017,54.025897712575485,56.22044264641899,120.61861474099744
659,212.54492608703666,212.54492608626913,135.00197541288213,0.00012684639999999999,0.000150915,44.35248377492125,254.2750027985278,260.8700002272126,80.43788184780684,64.10656002762462,43.32094038827772,74.66233446421238,63.669545732770885,148.83437899809064
660,6.72284500789454,1.6300000030465223,134.7063604474912,106.57792750853132,1.6300000249193114,6.862019999999999e-05,255.90002847982933,304.82551316727057,69.21116697471795,0.0001669709,69.6516314597231,68.43961867837298,19.565092623024054,112.02662348409713
661,23.34414132771678,162.92087651372367,88.7796509426068,0.00013477866,0.010712858,44.35314546910682,101.69049657744428,88.37560194848383,45.76832123217983,16.30402512343974,39.971117943934836,69.21216749963207,63.315167888035646,129.86363066348736
662,9.9180379073769,26.34014478945098,18.447004255247624,3.646132478362865,98.50323357751981,23.73947682675748,23.519675206563075,57.274230706841124,38.75483901760687,18.229370739592518,44.35345483853584,47.28367331013837,58.92171546259976,128.6800111708143
663,7.291817674745911,1.6310000040251862,54.026934847353026,1.6300000041351996,0.000335629,39.164975705395406,71.51707954103962,132.10608201059034,88.17874874368034,163.44196651413793,39.16497570534589,60.589893224946344,1.6300000014390712,257.09755951249747
664,26.13797259298941,0.00016631,3.77146e-05,14.764253317095328,2.305875351106616,53.08308393457029,145.2827825923443,177.23782046235266,140.72833953769558,0.00023243899999999997,146.42160767122382,59.347758011682856,0.001262349,1.6300064589540488
665,50.544000450908236,5.155789957328214,58.80863905272807,17.332123522719918,1.6315017280419346,2.3051688742689462,150.7163950577773,13.144730892972149,42.67342100654397,13.145957045686119,47.534703187621105,62.04379076293663,56.29061479530526,136.65541723211678
666,148.02055081504943,64.6031201878686,141.81070630108692,1.631000006039309,0.000501556,44.05216662101748,98.5027818384993,39.669646394406875,47.31108740256645,9.916958509844235,21.195028792102075,81.53832500381348,65.29969537996035,127.88245872249189
667,18.009121648961795,22.650521155961183,20.751474087443533,29.16677094862375,4.611832895541675,21.874114951243044,155.46435560657295,20.626520939135656,43.1681363655342,17.93403488282497,43.0441000347694,69.70944931037761,57.08931037792774,127.72663223785557
668,21.75322616069621,29.974800900876446,11.529880621746154,29.39284407603457,3.6462822757849804,9.918157692842952,153.85869204327193,24.889104318687277,47.730270763460986,16.304000035439895,51.171670037146804,73.53208353730784,58.786516876618094,131.42033339073527
669,24.457003479004225,26.989304511172865,10.442102958907075,32.486052107336135,3.2610885435634507,6.722805496889644,153.58960823361522,45.65318683379039,48.640163282107096,14.76441411838695,53.63084185221619,78.53268497248793,62.49104292168855,141.02089102990234
670,21.19600007482449,28.474408773766026,9.50733308447549,27.135820756866714,1.6312707010453256,3.2610032670109605,151.98057890195355,35.19893063397764,47.05743528955452,14.674126037034041,49.507709698705625,76.70041647967837,64.33501451831098,142.33397839954264
671,21.25858539910276,28.474389118288748,12.417493772643382,27.718130898458956,6.521007810810319,9.783143434324998,154.71966070861578,35.61319392946388,53.779441507505766,16.05809127884495,54.198529190289214,80.15754867740323,63.67066209319799,141.35940510357003
672,19.83490229177095,29.975026325850937,11.870552882524516,23.345180434098737,3.646596365228224,8.152502408282304,145.8303225543642,35.27725581404944,47.9530501389663,18.009138643586525,52.097681197863764,76.64938478407278,54.418073561413074,136.5096120483982
673,22.88413232130263,29.166037361772716,11.52913342983517,22.176524393231304,5.1558367491707076,4.8917995110920724,145.8303204093796,43.04676395317341,44.35431547217245,17.935637144737406,47.479194714971875,73.44173958995341,61.71991457835957,140.22665058525442
674,23.344129640636403,26.989281715010517,13.144745649781747,19.01450789460433,2.3059454590741937,3.2612324973053957,138.8451375197759,37.18048368110565,45.913779471058234,18.00811232073545,49.04810143295665,65.29854215886354,60.874308513795086,119.73498608013276
675,20.16735501261109,25.520564444184537,11.413623430788718,19.0839401023844,1.6313588404226378,6.521118966258797,136.97590156102106,41.15047212377918,47.952418302743716,24.673466327900247,49.507659714348,65.21802557299658,53.08328750625755,119.42353893043128
676,18.22907784610096,26.989121018736483,11.869988715126249,22.65150901062975,6.722732317970787,4.893152846225116,135.1200069760439,39.804994825648706,42.79728979190008,14.674042139706769,45.9138654450876,68.49839665478375,55.00118104313395,125.80861120352193
677,19.632908217795944,26.989501820770915,13.144463055693837,19.01499766006035,5.155478370202437,4.891061452519651,138.12537454205875,41.760352196567766,44.85987072257643,16.62731389764446,47.47993516117336,71.75764278749425,56.291618539414216,123.95619189094235
678,21.444556372928986,27.718068527025167,13.144527646173675,19.014954910284676,8.31336852410669,3.6469602595314137,119.91166631246608,56.15016739328873,42.328742901728525,14.67401871013834,43.90146360360344,66.86789111193633,54.68599653071066,124.08452306485121
679,22.88416478350231,27.135971235011272,14.764327233740126,24.238508934583884,6.52203085886353,4.892800794367267,128.22569386098345,46.688490423984916,42.796950475493446,19.83513299309489,48.47638757003836,73.3690024268739,51.19620097893618,121.1916409298267
680,21.257651726911316,27.717540279110754,14.764892596494711,24.83623027303535,2.307152212301781,3.6457473343095437,131.75248741515523,45.681896863764,50.33314900119049,26.087003581647746,53.631375383426544,68.65353388338602,50.7801307770656,119.2007900624134
681,19.836011064490833,24.456444953547106,11.413567879209268,21.877410229924386,4.891060727810399,4.8915209397251065,134.0633816087066,43.07681539440401,53.77994966551,26.08702169764336,57.829477544791565,76.90715441295448,52.40284756677288,128.2149753576743
682,22.708768971311116,23.514459177719182,13.044320079572149,25.782170368006852,1.6300468990875647,3.6459003440034046,127.72653669621627,46.69417783933662,59.79439721337132,24.456241289244957,63.58751705352685,82.31683577800177,53.828696222491274,130.15957265248653
683,23.05776721393427,23.51403452562426,13.930356352793291,20.624318349105263,6.722202667480977,2.3071635810658013,129.82207003734152,44.35406249586799,50.62283903626517,24.51146022324779,53.107596302093945,70.18487594681152,52.19950265471979,123.15969863614016
684,23.739502707152766,24.073475823101266,13.14509341693328,20.16845537362804,8.779742808596549,3.2620803844481143,126.62928586216573,47.535937199555654,52.630152576865115,24.940416364717706,56.22031209492713,79.90777073182059,52.27596105628523,127.05980579454337
685,21.445469967818998,19.014740442483628,13.930195073603365,20.167675414385386,8.313599752454328,3.2622574057681524,126.62927560982114,47.39591709241496,54.198332535438006,24.51042118650192,56.22097902852296,78.27711544580626,53.82974111071764,125.44833376029729
686,21.44570992023873,21.258574262287627,13.144498152200967,19.013955229801304,1.6313166793005254,4.891073500837642,129.20624146755748,46.68897570653025,53.779667207300584,24.510306815542002,57.251805082530566,76.64743698578214,55.65048833087716,124.59776448234376
687,22.708811630142925,23.515677020797035,11.529259978291073,19.015085313340006,3.261066258287948,3.6462484983534016,123.10663223430981,54.00171922438992,53.77990866680778,24.673602718604734,54.66211619994509,78.32909842007304,54.19794623352346,129.30885255320516
688,21.195514973445906,23.343894399358184,11.530135286214806,22.710560861671016,6.721659610098122,6.521973388551616,121.84731940797803,50.01533694747935,53.40778763947044,18.22824680057028,54.198958422779775,75.0710278365176,60.52502220355086,128.67026413478806
689,22.17575987966158,22.176980059245974,13.14592890326263,20.42960514064084,3.2610650400162458,5.155777559309699,125.38389445515826,51.791011420252055,50.622178125227336,22.884343227118766,55.721793909293055,76.70042220969586,61.1139411493178,122.6728029187545
690,22.176495029950047,24.072539827066095,14.76538002285127,24.073060428262046,8.31357595506547,4.892840918161517,121.84733394428466,53.2340127625283,54.19832606293636,24.673589342775472,54.66212864828469,76.63021591069987,55.5298798818424,126.0608757901234
691,21.196384604356485,22.17620608772446,14.765349809930024,23.345110122912004,8.313535142826352,9.782564302642102,122.20678193083674,55.43484913797,55.77020597080559,26.137912024113678,56.220025779104716,78.27810022375348,54.025901140836496,129.46378011629977
692,25.31047615548814,24.886766539972136,13.145083927136207,21.258823617676715,4.89133292228444,3.646032059975494,121.8356621112294,57.64509974050718,57.25093611155826,26.138075456682486,58.44567363930001,76.64861858009131,62.491001053697524,127.54972123659823
693,20.42968054557582,21.258486223955046,13.145181404348342,24.073506469910857,6.722823489217077,8.152507461114025,124.17011188815982,51.81648223428219,50.015362770444916,29.39332707431143,54.1976487101138,73.44243342944466,54.686000413180686,128.2150323467434
694,19.834937568661626,19.632782928712686,14.582449398804375,18.590284650619083,3.261000820295689,4.892077355798961,122.74870863407583,54.686410137248885,49.50670749023127,22.885155727089906,53.97692676420057,70.18499112166744,62.4900075595779,127.31978856955479
695,21.44549595183332,18.589859574211285,16.786373162901448,20.167360499424426,6.521401324339996,4.892611994496289,121.41056172219619,54.80843700921966,52.63109773878987,26.137905049566736,55.170234389769014,75.28334875836761,53.90275624552883,128.432506088001
696,22.709664937300214,22.176793773197303,13.931409725682254,20.42999862076567,3.2615807756828827,3.6466606049536696,122.28228000599317,56.87966117931436,53.77985614845511,24.51037769468935,57.82821061077306,77.06360380904042,55.817344297661435,127.05947433507757
697,21.44539722084304,18.445604635565957,15.381095809258293,23.344177880703363,8.313770787015013,8.152062058919807,119.4232569455973,53.10978200024393,59.795362383364306,24.673624423574203,60.87437556938333,81.92888273347604,55.53084084497233,129.82209936007692
698,22.176482166967997,19.632816054864033,11.869830323872389,21.196434933126117,8.152052737705318,6.52200925269168,121.19073747083822,54.80860322632001,52.80727609284936,19.565025240370353,56.31517995320164,77.7324129421519,63.60788900373467,127.72663878336765
699,20.42929325480022,19.632800648614158,13.931533929734517,21.258485194070847,3.2610035902956556,2.305248531836854,119.11090582425282,56.95034892550032,52.80723672199363,22.826192748201045,54.8075294739969,75.86363234303283,58.695005118307435,130.5165731968884
700,18.589978193166438,18.589858808315544,15.382158356694921,20.167659285259695,2.305919532386352,3.2616373623579245,119.15525815333888,55.72372983388773,53.40778191602948,21.196371227186628,54.662412322612454,77.47532493097184,58.69506698550548,127.90397825815364
701,21.75324687538211,19.63344710057304,15.03199119775205,23.34385931946952,8.31346368035374,8.152034059621242,122.2832404576794,52.682013262203554,55.00224051532552,21.195108582131297,56.31519487105797,78.68474662116247,58.786526790084174,129.82208750065496
702,20.167334118856278,21.935871130780477,14.58229590373627,21.752239797609995,4.892015284976219,6.721641271652589,123.40819831349108,53.30894860498532,54.19836315985388,21.257760312730987,55.170614844462385,78.41406199511242,60.3490751620038,130.53644179334074
703,20.167545362824914,19.633023629219014,13.144588409799123,19.902513840051498,3.2617726131813907,3.2611246687646207,125.41621894584871,50.35942348595593,56.94869034516095,30.97808156590303,57.6213841869979,71.75755584430813,54.68622824397136,126.0607306058927
704,25.311684742894677,23.172281929608967,15.032572183752434,21.874877847331852,5.156099835246131,3.6470104290550287,122.58691033882701,52.505971144378165,52.09721979572692,27.908297001401,57.62184510567103,76.78608497238369,52.80707240543541,128.0178112009473
705,19.835095631451754,18.447013685810507,14.583635693345613,18.59004444505168,3.262107679094784,1.63002318561301,122.2832883496559,53.310137436950214,60.87442445291584,35.90609326739453,60.58991152696003,78.6846093560085,45.91327163007969,130.04668402394742
706,19.835902273528163,21.935854402649205,16.786366157811845,18.590009057697763,8.152000777330665,8.313568734208495,122.74961459067889,54.80844550142095,61.8709203273716,34.27879214203261,61.26639624674387,82.10697797201507,50.96205899697368,130.2814675426363
707,24.238029436276328,21.93579969829781,15.468350406800207,24.073650681963215,3.2616964129734938,3.262527797259229,117.84297684400448,53.63261951470238,57.344278197417694,26.087161461513755,60.32590420051909,79.90868433110268,52.80606002647825,128.43248315938052
708,23.343940863480636,20.75219174373058,13.445917595258463,20.4300216388839,1.6301714607515938,1.6306245570728368,118.08011786305163,55.46022189614462,60.32581154020563,34.277947593996906,62.08471299055592,78.68446128745762,51.196192086854765,128.0176842780603
709,23.344128759720647,20.87918304009166,18.228500507837254,21.753228361423204,8.152461426291431,6.522702055682494,120.71836529492984,52.68192194161129,54.19827979747189,32.64977608979085,61.28852363529727,75.15936739817853,52.80702426658336,121.97876003784042
710,22.708985007498892,19.63350906271212,13.44566441331391,19.901693822793685,3.2613171591128878,1.6300528494119402,117.57258993863358,57.622382592824636,56.3151999445343,34.27793757971205,58.33231015905888,77.25212040530238,55.53083239369285,128.67018739413723
711,22.176735000121763,20.88063973676098,13.445555846750297,19.901688850195587,3.2615332542496263,1.6300467323512493,117.04019513489409,56.95014673844638,57.250921878545206,30.97806246497835,59.79557132041775,78.68450601764134,55.45895898814754,128.4323261465964
712,23.344149903672324,19.632781992364798,18.228527950616254,21.87503803767171,9.783264335327413,3.647838853755664,114.00223777586511,59.103443485071296,62.0850524226906,31.15016546942703,59.95052914825383,80.041690458102,52.401756946258246,128.43250036396898
713,23.344334268575118,17.332129418423417,17.63580870314784,21.258618192325766,3.2619200551149556,1.6303421194350545,111.97923221097399,62.08626308482693,63.67004804234858,27.909059635135,61.87095099402901,85.03241991389443,52.274839097611355,131.25784941408193
714,21.753216245331735,20.879188559253596,15.467976097338745,21.195948947815484,8.15208358134439,4.891538213969221,114.47911910675631,64.50220722307182,57.78289786378746,27.765976119083373,63.941480660170825,88.10437372465685,53.82872297025606,133.27834001184172
715,19.834914786412384,21.935107499982255,17.56074893406116,23.739620127020252,8.313560225791095,8.152294834271496,117.04019579277168,63.5884577889627,60.32709338858476,30.97813894805641,59.95073424988212,86.55136804511311,55.458988588481134,131.45005506234952
716,20.16732439638742,21.935137478698483,19.70091179427901,23.34440176059611,8.152001777935023,8.152507316077964,120.13386431533401,60.52536095686177,57.82854687943879,35.90602118142375,58.446594873985724,81.53838340891598,53.82871784570965,129.4637336590767
717,21.19571995276369,19.632986435739348,13.445450659394448,22.651377998854958,3.2610160272798088,6.722854642926874,115.49636988408894,63.44082385087832,62.74602994512803,34.27839061894385,65.09512406439546,79.89203942768249,56.29145265644687,126.2187331065363
718,23.344172417940236,19.632784775998875,16.786345459866595,19.701082324969782,3.261752526437404,4.8920178464305915,122.72764171333978,60.15070409411302,56.149280262353436,34.27785391245144,57.62185304140442,70.12801059236537,59.25840667936126,127.5497397983043
719,24.238261739949042,20.880595406407448,15.03212915485819,22.65053553102187,3.6460687741626288,5.15576499013683,116.59596164687741,63.31483889702511,53.233273316189006,32.97474603800724,59.7947524746491,75.00000478362219,60.67749798855613,121.19161166119842
720,22.17693789712368,25.469601267834243,18.00894343641792,21.874252668146685,8.313424253733281,5.155908608873566,121.40986756480089,63.31495502899778,54.66215730032917,27.7655094113117,59.94995885520572,78.87009898197556,60.874342691423045,124.59770389448501
721,21.258833357487486,20.752286203380326,18.22952942230174,25.311942446780684,6.52202261687087,9.783217550941474,122.72764933535004,59.08068151094804,56.220314179494075,30.97821411478282,56.94882716101114,76.7859324400328,58.78653717909365,129.83283306844876
722,26.34015589102694,23.173055911383436,17.023006791203983,23.3449459483804,1.6310241027308297,6.722851735619429,122.32670453021692,61.5268027340587,54.19862856504041,26.290316326204614,58.78642889387461,79.95860680367345,60.67742731699409,128.21500912554072
723,23.344345934124984,23.173421544141963,21.44543384945907,27.861073481033205,4.891010590019575,4.8911013000592405,119.65663653975163,61.97937099756592,59.101325630618426,34.27798314863601,59.10274961344502,84.7820572989813,55.65044796793895,130.04769134699663
724,23.34435384011218,23.173231297560218,19.83588861788457,26.98891294728937,8.152039492705171,5.156004343124696,116.26540156720306,66.39009238279148,58.446708516048304,34.278024512051246,65.09485132290698,86.4130005804696,54.41806707832835,131.45018084925061
725,25.310753497414208,24.887240160676782,23.34348486964244,22.71001289983078,3.2618088967694225,2.307252990707605,118.2040365470709,66.02815270627414,59.794676645251776,36.01819187129283,62.74510640512584,78.27805684509556,57.43649292496456,124.43748702096802
726,22.70963549025171,23.173218787126636,19.83603737577972,26.341073615290092,9.782000008718496,6.722807983600053,119.03295108053283,67.95301385575891,58.33230537067446,44.05126737630612,64.31476721824372,73.82052174389372,57.275301052455795,128.21498766764455
727,24.238028819512586,27.135887397468757,19.83490227054949,24.834128832281802,9.918080324785668,5.156108979205514,120.53018253609993,65.62497483397165,56.94869845128543,39.13009167200354,64.17039420537758,81.66859091082696,60.87530337039114,128.4323114709845
728,24.83390421981697,20.87980905318975,15.032138485237907,21.258455071640775,3.2611743859574247,3.646254419543475,118.6968080836415,62.72479027115279,51.558791116491825,26.138250904923936,55.721984319846015,73.53286460233944,67.34224924126946,126.59732432077261
729,23.057781115409107,27.13583439122964,21.195406433700313,23.057915108190716,8.152391708391882,5.156338907328093,124.43759654466909,62.08635533313576,54.662115567321266,26.13793893249511,53.6317301783838,75.15933120704042,66.86787183462751,128.67018311251803
730,22.709623360547525,24.45737624801166,18.229060886783213,24.834171974833918,9.78200045757838,8.152009729755282,120.2216709457061,61.46177880654034,58.26409287857332,26.138019021111823,59.95075989411278,88.17975560325151,63.919626377584535,132.14602186081237
731,23.05792115796396,20.879963484173153,17.636171846235857,20.167457810671767,3.261266915199642,1.6312697545853379,116.5960244856801,59.35076184827699,58.53761338819033,26.087131959083226,60.87427704422425,85.54674190699787,54.19792518884489,131.1053786955828
732,24.833791697862363,22.176796325406624,18.59060058805443,25.520308383513026,3.261620377441887,3.64614919258238,115.07022283714974,62.936782669847354,58.53668217205134,27.766113577151597,58.44584983523701,82.10691460241146,52.19856017912663,132.41721647486267
733,26.340717884704137,23.172285497316707,18.589516163876468,25.520261716273406,6.522304927908893,1.6323030797312408,115.65765778857286,63.942397866920736,60.91860995886396,30.978115366947947,64.23208750597067,89.80729483638672,50.569360641075235,132.14599993870658
734,23.34433547660423,24.238134662033364,17.022205941555303,25.52024834190297,8.15200110785688,6.721774299150574,116.5959625383282,62.97907778626318,62.49037358111429,32.609022626190416,63.587539255274265,91.43499698742059,52.19949076735326,132.1460018733163
735,25.778954435692413,26.541543509833843,18.590112468789044,25.5203210860996,9.783037319180803,6.722147888027768,117.77524611625948,60.87519735502109,58.53683627479788,22.82632863209055,60.918580586237766,88.41960771944387,55.435140185261204,130.5374265181232
736,22.709610154729887,24.238223947979417,16.386376827784755,24.07339877594193,8.152000348592717,6.722852783649544,122.92271540233396,57.62248326196084,62.08505586641113,24.510406245626076,59.349088178205115,81.78248504197617,53.829838565740936,131.10521119950414
737,24.672503660525752,25.77901620717903,18.58998874700132,25.311705675877082,9.783166145183078,8.15221739990395,124.26691422085008,54.808233845745704,60.50252435041701,24.51139423029556,59.348442247506775,84.92296368475037,53.902809516625695,130.53738097187954
738,25.779836923223296,23.058047458034437,16.62857654420351,24.238432010718075,3.646245746641351,1.631082214865022,123.74119008776935,51.17263066341463,58.78634513804016,30.97847400497482,64.23214326369308,83.55070287953362,48.94025142059311,129.20632364311493
739,22.176786179086044,26.541635444671154,17.022252845379295,21.44545380395486,8.152061358554704,8.152175139983733,128.43227109890412,51.04190903327265,61.37402493659995,34.23919675467909,65.09479800469407,81.66771655204275,50.780096678933646,124.70481628290258
740,24.940572140929355,28.844709918314543,20.623618122990933,24.67359778947698,9.783115328718624,4.891860134586964,130.96346781854152,49.58965099671597,51.81663741659109,18.00913839669408,53.63079476419519,75.28304565610814,58.71766791157885,125.75570694448638
741,23.739283975083385,25.468021979736065,17.93504636885807,24.834446251050576,8.15202193946807,5.156256013722467,133.58585637091298,49.29447849600565,58.26316961598154,34.27791278880445,57.829521722101596,81.53834168828979,47.73076447393459,127.60142002136682
742,21.752288861929177,28.050887556835807,15.03200599904737,21.19578080975837,5.1568460609097775,8.15201578616288,135.67948451021422,42.799141577870095,53.63076913992763,32.60936409341983,58.44634602993536,76.70035894510762,44.29203359817239,121.1911398468444
743,23.7396153380594,30.06360731507818,18.008264040653323,25.31179422410165,8.313363291237112,4.891746857466072,142.93024550401398,38.20495976250526,46.403402270992956,27.717477295037572,53.9772092568153,68.65246542861932,52.174178707615965,112.5834053027625
744,22.884300010400523,25.779780782948883,13.043030331968149,21.258897096271983,3.2614646928820425,6.722611057731652,147.97464457796286,33.61374532590641,51.55904634745812,26.138263279384102,55.45888227593151,65.4001486225297,49.34601566004535,118.31644463153482
745,22.175811205264505,27.136072478286277,16.3050547966569,25.520668600088385,5.156844685070066,9.918235233666147,153.13101055396805,33.92778802092596,46.94454860448888,21.25897700161522,53.631995856062474,66.8678943375895,53.082209686320944,117.68573767961617
746,23.344544974036427,29.392549127252565,16.386524031093394,24.83560519427079,9.917046182715694,5.156011555158616,153.20012459440127,28.523344667563908,46.94453689725524,27.908327371514094,53.63209233843485,68.49740568613942,49.58770983079899,123.8385018861662
747,24.673546054453272,26.290198632137784,16.38546888860279,24.07294972338039,4.891334393970237,8.15212538579939,155.0201282621744,26.342460447830682,45.91298957435707,24.511396692065013,51.040597480923886,65.72464405443186,52.274833318796006,121.00416489518088
748,23.05786584229604,27.717239176622748,15.46772458134194,23.345239158860615,8.152225916734748,8.152194354237567,159.75848266556892,28.892647366213478,47.39480816069659,29.393695914093104,52.09777260672976,61.978504876887115,46.115594241386276,114.5486904856914
749,24.941266674898838,29.16657163585571,17.560100500370268,27.718236235373187,5.878617392739978,10.31173429584463,159.75822178771165,28.891777616499855,48.17341474347618,23.057875064877926,52.09770202690635,60.348017956654104,47.535445283097964,110.22035735118477
750,24.51134442901955,27.71725198917091,15.467919973054446,20.42973583107544,8.31366892354571,8.313611263680825,161.33935328217584,24.942519640416165,43.3218910837504,22.88530179538878,49.04903023772397,63.67060719164867,49.58767584921367,119.28919459063249
751,22.884291591736588,27.717620506253432,18.229197668790142,27.71815060928889,3.646416644259,8.152178102125092,163.73568249373747,26.54281143821873,46.40245713742561,19.835023226243116,49.66832272277252,65.40023366940774,49.15703040601302,123.4402417573479
752,19.834909456133747,27.717283787812523,15.032170489178064,26.291122807852112,6.522217250196124,5.156458584435336,160.5871152128282,25.779805276307307,42.32769990400308,26.138383378038423,48.94056312411652,60.87437759432422,39.43461619162799,111.94333660417585
753,23.058088519121146,27.717588945921023,18.22911409874942,27.71803101753256,5.156037605545147,6.721954765758172,165.31063115913884,21.75409772585203,45.91392297385299,22.88493239097206,47.39500839660206,60.677531011515825,44.50239488054665,119.03315013901639
754,22.884405704522948,28.47434568398078,18.22917735324951,26.988561515703545,3.2612839381378858,5.156863216495905,160.1645484174449,24.238774583906338,43.32190327905221,24.510556474132674,48.14658134984703,58.898428858977674,46.6894394910305,124.704857159907
755,23.05776573214588,29.165973771550334,16.627947360197222,24.23873238650322,9.782012273863531,8.152075138883399,160.5873740330323,27.331964614193108,45.91264826281351,24.457639311230366,46.71646761081191,61.11394116925796,44.291876858534714,125.38494701827396
756,24.67253416561749,29.165995176890537,15.468401332799974,26.342141530982065,9.917903395425682,8.313368498723051,171.1874681140814,29.976446031132692,52.68084101484339,32.772148037992494,56.150550452038225,65.40017790457063,42.67224787900566,126.30337401923096
757,24.510498094777375,29.97484615437898,19.83510570890432,26.989600420654735,3.6463061258478686,6.521252472392741,163.7349589431147,20.625391458118393,46.40231517988996,27.765138464340822,53.408089462586865,67.34329717293656,41.27948611395279,125.03377890050618
758,19.834749152216265,29.930949024166,17.636411288419072,27.332434647391434,7.291991153957928,5.155973957461878,163.04368664191034,28.47423712743154,42.39169474195073,27.908514774363248,47.53473157819993,60.34823555950934,47.73069356485349,123.5903009528974
759,20.623469054869418,27.718141748241354,17.63614458770441,23.740116595298538,8.779824769491457,4.892075650113759,163.50785809626942,30.064042253080785,38.75461176011941,24.457626921135635,42.391421201782386,59.05630317574379,48.28327920737323,117.07349635628722
760,21.7530168934224,30.633930041763925,19.084102795848192,23.739824101236493,8.313829993136034,8.313364009104848,162.92113895664036,26.89051039513355,40.2688009832131,24.512277673935216,43.32286158626004,57.06619717398523,46.688256044749544,127.31981264979237
761,21.445452827001233,30.633948147057723,17.561073303867985,23.344306363526904,6.72317872172051,8.313376468711661,159.7572688064641,24.2393307860733,41.790947766429035,26.138781817077984,50.57090554458571,63.670580479197824,45.09574465196854,124.70462727767007
762,24.510272137916488,30.633865502873096,21.444396881574065,25.312119200484343,9.783020296676497,6.722931296677378,160.57858453045853,25.312801295553317,43.90082370242614,24.45742275905627,47.39553041859111,65.72551206371548,49.58767389888508,126.62932020134106
763,24.45605196412998,28.474380585481512,20.167085951282516,26.889869235129517,8.152076423795457,5.15641703030311,156.04564506808336,21.754285840371217,42.32870715781267,24.511595204686284,51.81638886339067,65.54220425907667,48.28446649448043,122.79229922354297
764,21.446003723086747,26.340371049208855,24.456001516889533,53.10886882759942,8.152088473538532,53.805000028222324,144.5306178082978,24.45613460589964,40.89138995353699,24.940627001681943,46.68820579875631,58.69600606181792,45.47741524526891,105.61431204080526
765,14.583200046110338,3.645685264877121,9.91786211847791,37.250978470751214,2.3058833739801243,1.6300000007393742,141.5754085804024,55.76914022230888,43.32188127276463,0.00032868399999999993,43.32188127276765,126.90201256878785,0.002121179,169.85464730571624
766,114.13080002326723,1.6300000003639417,187.12378362197418,0.000206942,81.53729417266695,6.348169999999999e-05,201.43623766592032,156.58923831098426,187.12378362198157,21.257661818745174,39.971117885306334,187.1237836219742,187.1237836221335,187.1237839491801
767,114.28173077821259,2.305875321868887,16.304000000012277,145.19024723793933,146.78410325372434,6.839239999999999e-05,80.55417461559878,53.40672723205604,102.76930641490996,4.0031700000000005e-05,44.35343955096406,102.76930641497654,0.0002649833,83.5187611930214
768,110.77380776084156,108.07706765082123,18.589858660042744,134.94240159791735,134.94240159786693,1.6300000013414526,347.5312718662889,53.77863719731284,2.1023999999999953e-06,6.861430000000001e-05,1.6300000000293013,106.72849765650122,0.0004932865,1.630037134580513
769,42.42236488491096,42.39100000026388,69.42355515241616,42.39100000016297,1.6310000000049287,22.82600000011587,21.935056818183796,27.908176938533607,0.00018543030000000004,0.00020673999999999996,1.6310000018645305,31.14916700366461,0.0018057129999999998,0.020916197
770,50.56927673066213,1.4675600000000006e-05,37.180155851736394,4.8910000023767815,9.78300000001384,8.780975458853494,45.331494835283536,130.1593580881406,53.407722971907845,21.195908461228306,29.97572569168808,59.79529365062222,58.19614884933854,25.52113849616463
771,24.511541330207653,26.989553711318436,16.786789569268333,24.456400719020877,9.506683067484664,6.521003771059268,135.6306398118214,27.764300686696213,51.99568795858984,40.89125052726511,51.040512309617505,59.25844943466707,48.28427176495602,122.67372714616363
772,57.62088838840914,102.14651783610533,53.82868488085701,1.6310000049261717,118.11446820775633,59.101322760209854,290.7934997736057,100.10945409925517,11.52895182427888,58.33141288412036,59.101736565874425,1.6310000252730357,52.19848816992145,41.247490233417146
773,20.167504181789557,36.63944696412511,15.380999911024263,24.072948291063167,10.312685500290588,9.91829642606237,147.83086325886896,30.763763140608415,51.89335150088306,44.7705897113635,53.97712371991204,58.8985552415963,45.91300383674565,122.3264898253877
774,19.56607444513781,29.976081637934215,16.62692801760815,26.989110102269024,8.313370654842887,6.522187910592648,151.72682201471648,29.165935813268852,47.39502286028568,38.755113387240215,56.94870241393329,63.92061343475497,47.95239437761499,120.92808673342988
775,24.511349813498615,29.16601309195591,15.467796293084438,25.5214656920762,5.155962579104322,6.723757176051184,151.49004544672104,29.930906414148538,47.61885371801385,38.754937953971876,54.19909882260991,60.52411957405115,50.62250320971818,119.1224692779624
776,23.05779083628351,29.166799503298677,15.031773958865942,27.717313672779717,1.6302515381894247,8.152637725356119,145.54735477165957,32.8112913353011,45.33089429655165,37.17894143485221,53.30812636715932,60.52406030398347,57.344349323517115,117.39202890794361
777,21.445678232380587,28.520842703275843,15.03198594916212,26.28977923835834,3.646431565303419,4.611773603901398,142.37181595307845,34.54860229139242,48.476206271802965,35.60927697782531,51.06673650462173,57.64436167420833,56.22003619403872,111.06175422469397
778,22.884200573024284,28.520674386478934,13.444599934580786,20.880937141706653,8.313387684441508,5.8784355735382725,149.15659011587465,38.02829704363823,47.952527721574235,35.60917475217091,56.31516989292472,65.54335128622903,59.349661098947166,117.57204890728816
779,22.88427450074889,29.166226232046554,15.031998238214408,24.07383579698275,5.1563208465146415,9.782538367770329,151.05957774749453,42.29750470768224,49.90881595180959,35.19635583961633,53.7796331805528,64.91104257357922,59.816762805242156,117.4372969436593
780,22.884350245714252,28.47460147109931,13.93105257915339,23.51559265493907,3.6465167097142768,7.2928290524530786,149.09370232483207,42.51620402125288,49.775631248055056,33.612884221316385,54.198278129576615,65.72461027619781,55.36335116612891,119.20064552772477
781,24.457060539032312,28.47440100856653,13.930375915132354,24.888164765450433,5.878966325313466,5.879573717680233,148.04685023392082,42.07629240754108,49.77478321246761,37.17922146085799,54.66214551248133,65.72558257165844,45.09606483921208,120.6520554056296
782,24.67351899922691,26.3398028263202,13.145658734746,19.902156504863974,3.645896096391276,4.8927260600169475,149.87637635643088,35.90725465927846,47.53478224051572,29.751791508758316,52.63102140152626,67.16540488354315,50.22687183188554,120.66325498491588
783,24.51133231389151,26.98831177205457,15.38242008170915,23.51444749170391,9.917149731519357,8.78044913710553,146.64873000307227,35.75820387795808,45.213397432924324,24.673463867035018,50.622404668937236,67.34237113454714,53.40775911101516,122.32655693412536
784,24.51025981096671,27.7177271952583,13.144766846574996,22.651047025491817,8.313792773351102,8.152802472585416,146.2131580040006,35.90636353821182,46.028989117588964,24.672497010388255,51.815552701825965,65.94769466021715,51.81662205941485,125.58650069699624
785,18.229224962677502,27.71823076626924,13.145677347236065,19.90348551351668,4.892134780092982,1.6329458759444493,143.67283572536607,35.75820922897564,43.75002203029532,14.76425360191308,46.37418188501362,66.86794778482087,55.00117090529073,120.7522739198439
786,22.826221855758828,27.717561794329896,15.466782475647667,24.074057838382295,3.64587340530649,8.780978659803235,140.72846704821396,42.67251384106672,49.048845843557345,19.632820563312467,47.97981704322307,66.92749353878554,54.686300661341626,127.21595439174318
787,24.67259446518022,23.515788890594884,13.144652166307981,21.197073131420023,8.313372919726968,8.152152955130552,136.21729841059468,44.97775595968305,46.40328388893325,19.633334540919954,50.22686892800037,68.78814129976263,57.89733933089337,119.20091005942585
788,21.446143778405094,25.780683568438782,16.30414792135425,22.711121302023038,4.892464310508908,6.723967283072108,133.27708208136153,50.72793242467827,49.048651407189766,18.228936053670385,50.226871080091634,65.29960536729395,64.33525343798567,120.69613835863328
789,21.752489043866415,25.468499209355272,17.934084702157506,24.23921743136646,6.5225003040417056,5.157580894773159,127.43543076658219,55.38633932550086,46.40326301787664,16.62694466719857,50.22689181558776,67.02685168417538,63.92069516976667,122.28312403390841
790,23.058004900797677,25.364238285948176,16.305042543305714,22.176964086439504,9.783000017610616,5.878435383248311,122.20666582624825,57.43594577645237,49.667892724773765,26.290030743842866,52.19880840728417,69.17334102549087,54.02587342598195,125.5431701207557
791,22.884612638863036,20.75248469060419,13.145779621886449,22.709609690385207,3.64613897641886,9.78204059328935,121.83567004595673,60.34848876934863,47.53489305398153,28.89095580743596,51.558723803609006,65.23739203508153,58.89943095283161,125.55358724216539
792,22.709631018247048,26.541046044148953,19.83492336253015,21.25863508397586,9.782081092924996,5.8793905943048825,117.59489425720423,64.66505896736575,44.85895404828354,18.009071559325328,47.057031467570056,70.41172080036964,62.14875555549041,128.80501728333047
793,24.833738326680233,27.765820465977306,19.834956174648468,20.87920260370111,8.15204290326693,3.6457905726359465,111.97916738613763,70.0330461642829,46.94455237538281,23.057818189768117,49.049049029297194,73.65931672491529,55.45897328915363,128.8143291583923
794,25.77934551905712,24.45646428897226,17.02181954045009,21.874122097796622,6.522192846276848,3.6460103834328477,110.34111735411031,71.51710632230304,53.630505057196686,26.087034751798786,52.63100869880829,70.18480403707781,53.902770006126026,128.8978573786454
795,23.34448844396567,20.879807497785496,19.013544581620383,22.176988894719575,4.891018805419647,3.261613861070741,108.99560147668826,72.36640002775788,52.68089914549335,26.087000145792167,52.68097696530232,75.0177107246245,55.458000185488224,130.68951402334773
796,23.344304043237674,24.886754790012738,19.014554231785937,23.739504989478807,8.152093083855808,8.152198645034343,107.27562040294826,76.00291692069781,51.55872368967378,29.348000122457496,50.0150306470449,73.37000407588879,53.9027362752393,130.9333862507432
797,25.52024796183866,21.258789729190237,17.63561206643899,19.0135309718007,11.528813318617152,3.6461691185683014,106.61585654342383,73.87486014016025,54.80846868463761,32.60910053136674,56.94869235562138,73.38820512640707,55.435007028979946,129.30865130728452
798,21.258457567757457,18.22947603140378,19.013383157129763,23.343845461661967,6.522361144592896,3.2618875958714697,103.63173517289727,76.90722554480939,53.630805984117345,26.087026902777204,54.19860118012843,73.53199424279124,57.08836054001512,127.43501051950348
799,25.52026004962775,20.429507109491453,17.332186438262188,19.01399888272846,9.917862127569443,4.892499676656444,107.9538662949113,78.07361604418236,50.569278258685365,34.27790272301948,51.17101799643281,68.49740204634223,55.64936965816433,128.84527376001378
800,26.988999157370003,21.874277603045016,16.786359017635835,19.70101567683453,8.152105012748837,8.152339119060478,107.2743553487554,79.5080407996928,48.173950409095774,32.77167791068285,50.570216223421326,66.86789825129259,59.259391870059204,130.43500806729614
801,24.07337845625697,18.22873907806302,15.381067802316306,18.22978047728498,9.782219364291555,3.6462293022145937,100.83595516174977,78.7519058153534,52.50437296334286,36.01819676210346,54.68618195954989,66.84804640320627,57.64433969789777,128.8050037456231
802,23.345013960721356,18.228588748668002,19.700771722971304,22.70901873771302,3.261049110732432,6.521353318268318,99.98939713085903,80.2068771075419,51.041452188228504,27.764968512968224,52.68089990059139,68.49839746971011,64.33517169799926,125.54400192165765
803,23.34488655608644,18.590105405832485,18.58995280096873,19.901690233143885,9.782273991062848,5.156697681743558,104.47549787675614,78.75187674578014,55.4592909290036,31.361750398219588,56.31515577584086,76.6483675013056,58.71766059903438,128.81532590729162
804,21.19551254733333,19.901791532967575,18.589993816796852,19.901699421107264,8.152459491958533,3.261097351997298,98.70497016112208,83.28020902677964,56.1501799353326,27.765906599298386,56.948750600480885,76.64834121685251,55.45801371043573,130.44518458580833
805,26.3397706156512,24.073465494094744,21.25854813939845,25.52027781110362,8.313383573192372,8.31354302459527,100.66580037473794,85.31358246073886,54.19859107840837,31.020908644693186,53.108843173976545,75.01775048008922,52.19947042114535,128.81531342643132
806,22.17680257569154,19.901721932113368,19.902608843644202,20.429749566171008,8.153527871865245,2.306594319250827,95.98821490727028,85.11197623497442,50.56930948859796,24.457024077453106,53.1076459410231,76.63100389733636,53.82870613873163,130.44519895471652
807,23.343436590542456,19.901880854896635,19.902511257484303,21.258431673860702,8.153513171727166,2.3066101368857694,93.56208361352817,88.17915510384701,52.098503701419894,26.137936489529935,51.558796184195,73.38712765289343,53.90267377200953,130.44519973105278
808,20.623469728049354,17.56102251088022,17.63571750139318,23.739332350831276,8.153738615138971,3.2610388599953524,95.69742191694685,85.68671429354937,53.631418427240696,26.087088777618717,52.631005850831755,76.63000205087718,52.19946347476614,130.44519998929144
809,26.34106983091099,24.072584087005563,22.650587970691237,24.83419638767726,5.879270099247396,5.155973577100757,90.42716217352334,94.46721727020346,54.66242944645808,26.08701761179243,51.55904007484315,75.01774134294479,53.90267242891369,133.7347656131992
810,24.888088259335664,17.561110684259372,18.589859124596256,19.084058563547202,9.917358199053242,4.893555067245428,95.69653072057592,87.80158448414969,56.3147957176918,27.76599744830225,56.31477991737357,76.6310311752957,53.828725927452886,132.15554563856938
811,24.238042515021707,17.561137995849382,16.786808060290756,18.589956927195118,9.783022086295436,8.152543989190354,97.19915798187266,87.57374027601276,55.72217183237349,26.087009210145965,55.72176932811662,78.27800291183428,58.69505756588043,132.0650075803751
812,26.33988195016448,23.344921452389258,22.65052821425952,24.238152149911425,6.522137295224693,8.152036259156157,94.8606298948414,89.7325308899684,46.40327934646019,24.511343639957715,49.50773647731594,70.18375816111082,57.088285073111976,128.80400568060173
813,21.874665807623735,17.02278044017028,17.02277615895718,20.623497242602284,8.153604485998104,3.6464632702737214,97.19916966592635,86.78153177122091,44.85892553408926,18.228880577701418,44.352201082453995,65.23738447328643,63.67057591787816,127.26705735017981
814,25.52032729872376,21.258740573209984,18.59024549287422,21.258618158556118,11.52910715463709,8.15225092458787,94.8601350888634,87.49869073809158,47.95243490999364,16.304056285209523,48.64095020758642,71.75751544959988,65.23738815661861,128.80400435564505
815,26.98800684343003,23.34493404677186,21.258623801262342,24.0726167381772,8.313367387825991,8.152085269782003,96.29260884290223,91.2168154930122,51.06678921999532,16.305065751263477,50.62218374424902,75.01773531079893,63.58715664618483,130.4451851610404
816,24.887558996233967,17.022282559168666,19.902533078056585,20.167322377208343,9.91721259180626,3.261971580636592,96.34783692535892,88.4202782495487,57.62179452793816,27.71807436331813,54.80845672061932,76.63003696607721,55.43408599020639,132.225946665922
817,23.34449566570331,22.17582453704611,19.701173124984862,21.75298372005325,6.721644184435917,8.152000054657494,98.50277509777122,89.73343823220323,56.31515781369573,34.23901403913434,55.722127654034416,76.63002414227456,53.80404867930826,130.47575810502548
818,25.52024409209927,23.344882425369704,22.650670298247658,24.072632442394184,5.879267391396354,8.313496219799747,90.44185273175778,95.98820447259317,54.66147567900893,29.34800241828048,51.55904175596377,75.00001096039392,53.82969247496345,132.1052559651451
819,23.5148527718815,17.02302443170722,23.51457340197562,24.941471127935657,8.31500827290601,3.2610092567945568,97.71811769878504,87.80195596779662,55.17025367555982,24.456144567942392,52.63100101447776,76.63001344522415,55.45897033401789,132.10526682199855
820,26.340148128270044,19.0133801193009,18.590176597014274,20.623185603602803,9.78231899909217,4.892462081365517,96.25118915784059,86.91978711334673,52.50436527709886,26.08700768045888,53.30819021071684,75.00000053401655,53.82874029608276,132.31636241321115
821,25.52024410389843,24.073527936611562,24.073507921823886,26.98802380532557,5.87926738973486,6.521551183220844,102.14652000939236,83.13594866731817,45.9135878424702,14.67400001413164,44.35219841234532,71.75754079865327,55.45822225478059,128.8978517432574
822,24.073405866970464,21.874678835716125,22.65052648222733,23.343426715221103,5.155494289163807,3.261544304935341,103.54235530874837,79.49087532173219,54.66216147828585,26.0870513313789,53.107583012705405,75.07087513906234,53.828692909636985,128.89683095469772
823,24.073371501781015,19.700945838183145,16.78645616692942,18.590329879036833,9.782145061924233,6.522589521213806,102.97573143194622,78.1422452075767,53.307691213315785,26.08700073249358,54.807543275681454,75.00002913246796,55.43514944363729,129.17598518093925
824,26.341069476819957,24.072572971868293,24.073466487763707,25.520282407148752,5.156778112919041,3.262184830967761,109.43400139663012,78.0736220818467,49.50766508458035,21.257778137056768,47.95241401797429,73.36900755330721,57.08931178526836,128.89791731349655
825,26.988921781443953,24.072566236181935,24.073388635694247,24.834138048716135,4.892068619706898,2.3063326729006315,112.40501452487766,73.65938991150465,49.50770887042155,21.195201134256045,47.95238859899644,71.75752083898053,57.066007546569274,129.17502923536006
826,21.19658691876604,21.258503504214243,18.22948910130753,18.589955294703906,8.152295506527212,4.8923980452992994,107.48559935131323,73.87518792937607,52.09712060670378,24.45700135527986,52.097544581616916,76.64833529799955,53.828777543379566,128.96901669449107
827,24.9414786197792,24.887306328121518,24.072656653848657,24.23816948179461,6.522104153253122,4.8921779645880825,110.50864287817997,71.46049447926657,45.913872287369564,16.30500563690072,47.47898487773614,75.00000335313545,57.0651419338077,127.5497907811092
828,22.709963194418503,22.17682553529627,20.428921663739573,21.258441617782964,3.2611390884414586,1.6310928649298015,112.02662290198485,70.0331550344092,45.91393933723199,17.935372623242152,44.352494654012546,70.10900462433685,57.08836565115246,127.43504021571486
829,23.057991991347073,26.29018084552916,23.343644745411986,23.057908248867303,4.892092797303007,3.261485255996229,113.76846514927857,70.18507434717614,45.9135752968208,16.304013845599588,47.47871006715133,75.01771243083766,60.414178331449016,120.75121773378896
830,26.339820244495417,26.289774549655178,21.752241476804713,25.7789192429647,6.521102155540978,6.721787147636375,115.24316386660718,73.82121217669012,53.63174376996119,32.60800000013839,53.63172449580703,70.12707464444124,53.805045966429226,122.55352164730562
831,23.345118615529387,23.514426938779994,18.2299779926671,24.9405049225517,9.782010556406114,9.782035384761222,115.39255742221533,71.03160463632761,53.233312650454366,34.27781793217251,53.9769358216432,73.36900505155484,52.174091700310335,122.81457763895672
832,25.77984451042509,23.173071088996565,17.023110480764778,21.258486249530783,3.6457312626172507,6.722667773745787,113.54645382682257,68.7883371339973,50.33235054905828,27.764899857847226,50.56999086914714,68.49842114240887,52.27592791444289,125.71330054303134
833,23.344425090988437,23.5147621540634,23.343603932692197,23.739530224605772,9.783018322397103,6.521958227559051,118.12543096421268,67.85492734545626,52.503557430658255,34.27782493101694,54.19800231401178,71.75763855424283,49.0216213280908,120.92715345966093
834,24.83419569618403,23.173253969528762,16.627930319124154,25.520259694167795,8.153353118682116,8.780302553332957,117.17577109820989,65.58322613546076,53.97692103848533,35.87004264742335,53.9769495457886,68.47904700106325,50.56954091643022,122.55365796554644
835,24.833873501405456,24.238820344654627,14.764371021205134,25.520247312717117,4.892202492653018,9.917097263324747,118.12542894677013,63.31529531755517,54.686665446712276,34.23909503963163,54.68662412243668,68.47800636586702,48.940325319821845,122.81453498467599
836,25.779097224536795,23.172291921194184,16.628291370955758,20.623426305898228,3.2610912611591822,4.89238564264188,118.12543929036471,64.93187406748788,56.14930909890263,37.500021967301564,58.33232962515379,70.12795275378791,45.68125689372911,124.59761271254456
837,24.23805714181723,23.05806592837837,15.46765772041312,24.07338724292544,3.261254062450331,8.31340956649098,117.57164973065672,62.08503018879813,59.10267525942589,35.907161433103695,60.590336151897944,78.27801199116067,50.54315883913257,122.81452490744799
838,24.941470416956797,25.77995016665509,20.16730931150037,24.94155204936884,8.152076159889868,6.522378533354292,119.90013310383326,68.28468108910228,54.19764081658926,37.53544563163992,56.94868374251748,70.10901582786688,52.17406795352316,124.08457565306473
839,24.238052173879677,23.05806093325012,16.626924101558924,22.650527884848977,3.6458559596341398,8.313398340360202,114.50264213447478,63.50281505771591,54.68663303461406,37.535506188037814,57.620926644392014,75.01771059024833,53.82878194799638,122.81454175808885
840,24.238502175421264,21.935850800010666,16.62822510228466,20.624377482573436,4.891003398767541,8.153405841885917,117.57200247604118,65.7258828221638,56.87817246868617,39.13100024928946,58.33230745316501,70.10901501935304,53.82875380757047,126.06171958038416
841,21.195530216179254,23.173510194794044,18.229451174371697,24.23837711931148,8.313666158801464,9.782004180838237,116.26535792632475,70.1847488182933,56.150163756832,37.5354769196505,58.33232879362045,70.10900252118275,55.458069607586346,127.54978390173545
842,23.057801303587638,20.88060656863315,20.429500886624815,22.176555281560347,4.892214727390388,8.15203994533882,116.59596457309229,67.14599709144237,58.33230729173505,37.64152146518789,59.794669001452775,78.27799433583002,53.828685815287166,126.06070814219778
843,26.34021908369936,26.740416423842014,20.16738288729163,20.429674838749673,4.892119377016056,3.26109254493395,114.56044275625403,75.22974744444316,56.9486835149176,37.50000310530815,62.085103484732564,78.27800171409692,57.08839631510723,127.4350114732004
844,24.238111627710932,25.779951065163882,21.445488483370706,23.73950854879853,8.313392148366976,4.8922513191519466,113.8973669935416,75.22974607086248,57.62179516031934,40.793652339488936,64.23202273998788,76.63001008168317,55.817479532222194,127.26802075394204
845,23.344531492938202,19.902566987953126,17.022943312021653,19.700782466379323,3.261239910869605,8.153498303192526,111.44389294005346,73.65940716646624,59.79466613226787,40.891285146427,65.72486474351648,78.26100100883177,54.1978841485019,129.174942690321
846,24.672586169722894,26.289694679320394,23.344091353567052,23.739495382168496,6.5211730256155755,4.892682628428801,111.5982491888958,75.22970938836305,58.3323053504621,39.164987995334954,61.26597837758607,76.63100764860553,58.78571321551138,127.26802507951722
847,24.672492529977536,26.290239230245767,24.83395863324921,24.834185867764827,8.152088184920764,4.8932008058533585,110.12303956228753,78.07361046351959,59.861769638049985,40.79361815335357,61.28717014123524,78.27799767958133,58.71865467657116,125.63824256235837
848,21.753271485298555,23.51567769408143,22.6516537976458,26.289699049331112,9.782088575063286,9.918322617071961,109.91823191090953,74.43149739285995,59.10223342399062,37.64154313094511,59.79466822590006,78.26100947532643,55.45900144481164,128.89788056791173
849,26.290037165452848,26.290226879702324,23.34356616623372,26.28982816757657,9.782034848860526,3.646816695365932,103.85002393524664,81.66759047445015,59.10132287144777,37.535425396311474,59.95052567773714,78.26100122429217,55.81759620112841,130.43500214714942
850,24.673448652878676,22.176205181455263,19.015016027645114,22.176808943149613,3.2610071693027276,6.722893201627045,101.72900028215265,80.29014860138756,59.1022335690826,37.53546557245594,62.085659219971156,79.89201395700428,46.115505817624936,132.0660036658477
851,21.87456247014098,19.90192802048699,19.014287598861678,24.07343522058619,8.15364548738933,9.782339933042639,105.72644467709877,77.32116656677913,61.46089106789303,31.14933084126909,59.348716933394904,81.53733753000434,48.94015764251245,130.4350057343132
852,25.311735653347995,20.429732988781335,19.08405051768998,22.175825779416282,3.261022259721756,4.892680725509115,102.66611842070883,81.7824438229256,58.264094341129336,32.60902092990396,57.78314853481705,81.52200010254846,50.57037929238844,133.70495638861925
853,21.753240596337804,19.90250645215351,18.229651608853175,21.25845359710335,6.5225413796537275,6.522439398052169,99.6171234560385,82.65599365437343,57.82828641281156,27.717000935945524,56.2210129735329,79.90763817115877,52.17400989505879,130.44519744373878
854,25.311686803239514,21.258451290806683,21.874111524199943,22.17624782997163,3.2610045224992845,3.645952302503253,103.11776743087914,77.50993316794933,61.86996291729316,29.39328694034203,56.71545078553712,81.52207299560557,52.19949375816761,130.4452199534651
855,22.70866891678703,19.901792605783058,19.013371188564058,21.258454967933083,8.314983071850495,6.723678518615297,104.19492929222588,78.80249323538297,65.09510402781505,35.90707602971104,60.59030213762731,81.52204339006786,50.569288617561796,130.44518568942217
856,27.33113346774634,26.289829844072653,25.520390011354493,26.988912876837578,8.313559233661634,6.522498954923384,103.84909869205238,80.2073437358303,60.8743426654038,35.869000002541625,57.621369620740474,78.27803822028508,52.19949017148579,130.68953753078165
857,26.341174945166056,20.623451956128115,20.62344634746082,21.19577355706218,1.6322821111832686,1.6315001877416333,105.78909767419519,81.09717086138288,57.62179725643922,32.609000073741115,60.87439151337222,78.27797469002097,52.173001479745025,130.43500278704823
858,26.34106987588773,21.257611637934357,22.650571903621476,21.25843243047694,3.261000116587515,2.3065915635196053,108.11333670491351,78.07448138073175,58.3323278603974,35.90604545665366,59.79470104687554,78.2779748176536,52.174005327125506,128.84627366707733
859,25.52026053351336,19.014898192262866,17.561110694286263,19.901735973241696,4.89250745275829,3.2619141983325965,107.48559958143034,76.64795306491735,57.621812254883544,35.90614764856457,57.62088972761959,73.3700000084723,57.06500061794798,129.0627300511715
860,25.311807142040497,24.072587219411545,20.16781125926223,23.739644010406646,9.782028206209679,8.152232878246409,105.00787150754236,79.6913758130978,56.14972974517292,37.5354100447301,57.62179486705541,73.38813416504078,60.32603956588282,125.585347265056
861,21.87457085857113,19.013619501592295,17.636186969434412,21.258447263931735,6.522657225277375,5.155875548164795,107.48467725541319,77.45896576137801,54.68617339721973,37.81765415667349,59.79558002255614,75.01773850575705,55.45899938658088,127.21585925788841
862,24.672525048104063,26.289666806176893,20.62380494114081,22.176887796779035,6.522088492241184,5.157278451158505,107.91734014801742,79.60759624220246,54.808116380283884,31.020869570499897,55.17028143709606,75.15931850402998,60.32606191190653,125.58531941522938
863,24.940322620400035,26.289669730651223,22.708926251943826,21.195636243302506,6.521060087442547,3.261725726544736,110.12346940245399,78.27782054155456,54.198594787367576,29.393244894125704,54.662165817713536,76.90795637486252,57.065060914927614,128.8050000002664
864,21.44544366359811,22.176515011273125,18.2301031799848,24.238194980296793,9.782121999393826,8.152100028057543,106.87682592759934,75.22978504397724,58.44571786911133,34.23902080169003,59.95053564373577,81.5220044157173,52.19949755199956,130.445204039175
865,25.31064956866989,25.778978391183777,20.167397879390034,20.62351579374029,6.521147296979282,4.892434029998663,112.62995421731395,74.66241401831375,55.72178581297992,30.97900411325863,57.78315256554221,81.53833720717199,50.56940436267232,128.81532451702162
866,21.874559294968183,22.176368755179944,18.22905238302222,25.520267982973262,8.152282606386985,9.917880371570545,110.88172559098993,73.00637141795305,59.94964184641238,32.7707621197129,61.46088740415644,79.89103748266969,47.730569519322984,130.4757610318487
867,23.057807602528616,20.879807693014765,21.195471675867527,19.7009022783509,3.261060773472458,4.892106829260723,114.75746957569464,71.03172409576328,57.251823577747835,29.393350888545633,56.220312186017125,78.32893468815757,52.19945627980817,130.44519567290186
868,25.779124933093147,26.290214962627626,23.057775869858762,24.833783548666883,4.891140486536979,5.156563033066145,114.56084922244987,75.52995755619088,57.621796776747786,32.60900011629481,59.34912157787459,76.69931998828088,50.569330564017754,128.8143398287208
869,24.673491225094576,24.88810586624379,24.833784394876528,22.650873383676934,8.152145555080928,3.2618004344302176,112.40592794731515,74.68053598518763,52.57981457410952,32.97379697672838,54.80756080918047,75.07086490949426,58.6950565119381,122.3264767649245
870,26.339796747473212,22.176006133801472,21.75232472821687,20.8806195089616,4.892153754104214,3.6461439726050404,113.89738643286341,75.65275571618504,48.939697037901695,29.75276944256615,55.459365404217934,73.3871484471144,63.67060366545561,122.45682705657372
871,22.177589430774468,19.90250457314601,18.229067780729633,20.623430058606257,3.261012772457168,8.153375395572095,112.97155760913988,71.90592715236077,53.232818051106726,29.393534065130826,56.15016384740111,66.86789661787631,64.10744999453716,125.55461542611977
872,25.780119760936767,25.77982733245561,21.44538719232283,21.195823908750736,5.155602904587996,4.892007504875838,116.59598125496582,71.46105026008865,48.85915588640579,27.90823228369448,53.63183987221321,71.81315162134405,64.10745687428455,125.5853453848374
873,23.344357377264757,27.765930971918305,21.445385053282152,24.834151241440836,9.782138658956724,6.723229231785063,113.95590139850812,68.28381731478063,54.19776716731508,31.656972561915683,57.78316631070533,76.7003911003134,54.02693541633915,127.17400031839053
874,23.344755159839117,24.45651996952159,19.834903954645178,25.520252284062106,9.782059690777228,6.72295468093134,111.88478945998942,70.78750085227036,48.4773923750367,16.626943400680975,50.622173076899664,76.64835713832066,55.81735402483242,132.10523223029807
875,21.444503825729363,22.177121252508083,19.70094765573521,24.238174361792442,9.783199994277139,9.782000199377665,116.52786898390357,65.62342419665264,52.629766312320235,19.56504683384328,50.22689424079095,78.26100466370424,55.45898982849602,128.84528977467897
876,26.98891747324446,24.456449862525517,23.344142031766673,26.340152355905712,6.522093745950117,4.8912302013007105,112.92478848869449,69.2700225724116,49.04925922982945,14.674029152298266,50.22687305744767,73.38710911484014,55.65066296217649,130.68951970061082
877,24.673597373257167,23.514605728058584,21.874111888098312,23.34394244935004,6.5212576196026175,3.2613140706776704,113.54673671131653,64.16966095461798,49.048294137203264,14.764376828112294,50.6224618017116,76.63000023669936,60.34808594189112,127.34117522713532
878,21.752379757063856,20.880234450417394,17.56032741552116,20.167347978552865,9.783170586242896,8.152160953117203,113.95590007306332,65.62425770773507,52.631002614625004,19.565019235340017,51.816548871002944,76.63100667427177,55.45895896424138,128.84628228343797
879,26.34112748528621,24.456415927603135,19.835049379238633,22.650588238897907,6.521163734834542,5.156410710967126,111.97918217156924,66.3887631296522,49.049303213350804,21.19535938528016,49.50673021654691,71.73900497347572,59.057152960935575,128.96998967839025
880,25.311231294143447,20.879813116160012,16.627000022390106,22.651472761468032,4.892008030502047,11.413188153895648,116.03648631940011,65.58296615230904,45.419625993989136,20.168054715738965,47.479697519880254,70.10800002612686,65.54230743116253,128.89786202254143
881,23.74000265155911,23.05831133996504,16.385297087697282,24.23840623339386,8.153233530365753,11.413077681672075,117.04024424688811,65.58294285205736,44.85892723394331,17.022968630863712,45.913908874127486,68.55560536179338,67.55909917804483,128.81434060637378
882,24.511519159674535,23.514594742202053,22.176496760925136,21.195812281581176,8.152266255267287,4.892014228965562,118.58542954222007,66.02748695783423,50.56928638882527,21.196000020271043,51.066699968368276,66.84803925855053,67.55997414222841,127.43511330989449
883,24.673482981159577,24.456404640793536,22.709591657673833,23.345243361612265,4.891342759307018,3.6461931824413027,122.28228160075273,61.5262367458275,49.50670773238354,19.632999823131364,50.622146906338735,73.44146443709951,58.898429193846056,128.8968829195014
884,24.941460553138647,25.77982955927847,21.753065273712824,21.75242975323757,6.522157881802742,3.2613645656640653,119.1561834565288,62.08478278095226,50.62244867356632,16.305075584756093,50.622402100973844,71.75851652254192,60.414197421037805,127.4351681726395
885,26.340185430784253,26.741124480079126,19.83490329460227,24.238136938186397,8.15204144297836,3.6465757524626707,120.13287186250106,63.31534514884586,51.066719749285106,16.30402740036584,52.19976862664837,71.75851778981104,55.53110540907162,130.9334301465273
886,24.67356185081563,19.633447048691284,20.429268318880386,23.74118419478263,3.2610275518653298,8.152014602838968,122.28228746224201,60.67806428994398,45.91357460493034,21.257716710427857,49.049036342469385,75.0000000014167,54.419053624350425,128.96911738984727
887,24.94052743248036,23.058045790321113,18.228760321573592,26.341570932693365,3.261008402995791,8.313376515592733,122.28228096821933,61.52659020047811,46.40327051680565,21.196157837598825,49.0492835501757,75.00000057672389,56.03020160180985,127.34026352942773
888,25.779979052756506,26.541591716197484,19.83515998571437,26.341231347903456,5.155733999620343,4.8912165460777945,124.56566265988975,55.65094949241573,49.04837235648918,16.305174327752653,50.62240151472611,73.36900084117329,55.64963892050892,129.46395870535935
889,24.94151450119822,23.05875230449389,18.229712140057558,23.345004358125962,3.2610063550756516,6.522022388333307,122.74865398996819,60.14995730298127,46.40294834362304,21.257679508728152,50.62221252020423,76.64833371817433,57.64434208248927,128.89788562889962
890,24.67389826140351,20.75219253875406,17.022141045008834,21.753214870967906,4.891359581699263,6.522277724516251,129.00034516169393,55.769849700110385,49.507835104831685,21.196091753969412,50.622403334191986,68.49742087299414,58.785606251179786,122.55450432524087
891,25.77997544021569,27.765880710980504,21.258699410886006,27.860945344410442,6.522116526570928,5.156102188630487,130.56753613396842,55.5301102048098,45.41828810204721,22.88435054753467,47.478735463361026,71.75753818866251,62.72364168182179,124.18089281241349
892,22.709982329852732,24.239223650989388,16.385580220147375,25.780753212383217,4.892449035877165,9.91687629744773,129.94456683886926,57.69028299666639,44.85988081820339,16.385377685001426,45.91362319587519,71.75753276149415,65.94655784553011,124.18101285019479
893,24.673728100690486,26.74122672957911,20.167099046805507,25.3118275523172,8.152173009592087,3.2611687445799484,133.7060789811793,50.9358457845679,47.95254994290594,19.565195535715556,50.62214559754917,71.90555529779026,59.79433084562528,122.37983341042136
894,25.31191202852995,26.54169913542835,19.632932121840817,27.331360034281595,6.522122629943846,4.891280141006155,131.702451636929,52.199950637970524,44.8599049944602,18.009377705627962,47.05799183783011,73.6583114441148,59.50571485747153,125.63940229655634
895,24.672510905507803,26.541544978970872,22.70959170855561,23.058335557600028,9.783072190364809,3.261127394111606,132.58762664081314,54.296303038545524,49.507659681393456,14.764253665664896,50.622421318846044,70.18488122206979,57.27427112755976,127.68532624670826
896,24.672614596676404,25.467857715979335,21.753089537417086,22.176017438946094,9.91788841768248,3.2610004018952767,132.58763236857817,55.53137712974038,51.066706766813915,14.764258658276086,52.20001909214293,70.18484340903404,57.15813505242158,126.21911673455223
897,25.780043172114773,25.467928491306196,16.627565652241888,25.78086354730286,3.646234695382219,8.78012174760439,129.70888056032618,53.82956790091776,46.9442718534231,21.196176757919577,47.05799006140795,73.44143673658894,54.68602097835535,128.96915831267145
898,24.238248231906546,25.468908310088185,16.385607653426394,24.23879678121633,3.2613616261243026,9.91794903160125,129.70862193177484,54.78366523935433,45.41955905597124,19.565009686733124,47.058000418265806,73.3690000984066,55.00118161910055,128.89694913737583
899,24.67246574805547,26.54154380392885,20.62316808845338,23.058216009502768,8.152181863109393,3.261001474424867,128.92868790690034,50.22750625183709,51.06670550146921,18.229001622157618,51.81652743219556,70.27953405024662,60.414074566887535,122.45613939428551
900,24.673495636051392,28.0508447532862,18.22913558302098,24.673160301226066,5.155714648695094,9.783024248948951,126.98598978830438,56.59744918957601,49.66784068394512,21.445386134951193,51.81556484278327,71.8131928120427,62.14977333749899,124.00966146081534
901,22.884375366537796,27.76589018935322,20.167162653663745,25.31197121459172,8.313733241359184,8.152341174404368,130.12918630500408,56.50335959473721,46.94368042349175,16.385425501048328,50.62214359115586,68.78891797417035,64.33508718661854,122.29392444465753
902,24.510453534588578,28.05164904911305,19.63282038687707,26.89045985229706,4.8910587901149984,9.917505086763633,124.30938386768288,59.079360734471116,49.50767647266021,16.627710840717075,52.199782516680315,68.5557706709146,65.94671821964019,123.95601683073754
903,24.67382075514253,23.05813592913706,16.38552387100379,23.34481144696609,4.891142143663501,11.413195803862955,126.98598906938955,56.78557294645581,48.476136143574436,21.196041591771355,49.04924525130331,71.75754557657164,64.60323903965063,124.00950233201189
904,25.310558596756625,27.76590112810359,19.565072800200078,25.520293482200547,6.5220133963341125,6.522381631669209,130.89279862855912,52.19997056157528,47.95248510193394,17.935278414464495,50.226868807707135,75.28304375701886,61.11398183517848,122.45694081432065
905,25.778887626668794,26.541956185342826,22.884451920376833,25.779197554769677,5.156742744558908,3.2630168441587593,128.5573357026677,57.065170489695866,49.04868767692528,18.009019461653125,49.88159860535592,75.0177545452627,56.291452216229246,128.89791448516527
906,24.672555229052104,23.17305935659179,17.560142532809994,24.67251362481267,3.261004197149117,9.917263146355593,130.12921288586367,55.769306414653556,53.63170904549053,19.565052862728507,51.482067826350516,71.8131216681186,53.90274953941138,127.2159825784207
907,22.177071566317558,24.238518887632377,18.007926776804762,26.98926184131397,8.152346704122978,5.156771750675157,131.28814066642906,53.233965383123476,47.952462772788,14.764363942492915,49.88155703696879,73.38813988787209,56.29076252889898,127.18452613077234
908,23.344372495940572,23.058086650145793,16.385363563732362,22.65167921910256,8.152115553279756,6.522367454252243,130.15957095195526,51.19679509863513,46.944325993765446,21.19525055174776,47.47868732913319,73.5319213889088,56.291462888432115,125.58642376610399
909,24.510386879065,26.54087267383408,18.589947880239357,24.238182026391556,9.78302804746446,4.891063229697628,132.10614673115668,49.69457279246257,51.5589634947326,22.884233600541776,50.62216126543508,67.16540579964226,57.89743668862587,120.66308151870334
910,23.058254277231192,24.238304406413892,18.009109356072038,26.340027537252833,4.891210872036105,8.152279153175193,135.27703346066926,53.03326524324204,43.32192308700608,19.56517089918143,45.477392183341514,68.78881186449324,61.71990066705975,125.58652361836285
911,25.310984004718268,25.78029353770523,17.93502664617636,26.341047027603107,3.6457832408744686,9.917635319723322,134.85399016839278,49.69511168679692,45.41927915967315,23.05779052186482,49.049241684308264,65.72563009493082,60.50148229816034,120.6640576804512
912,24.67296931251045,23.17335863358821,14.674074066329705,26.34149102521002,4.892000323107564,11.86979169443271,134.1518584599161,49.909412838123096,43.321891755774395,18.58942964159321,47.478714327755036,64.10751666577403,63.670769712119046,119.06673969369339
913,21.752499978186332,27.670989421793855,19.565023496629998,26.989754286200093,8.153372531879025,10.311939087857558,137.74004968298522,51.19741301769937,43.321895698426026,18.229299888375415,47.057037472760605,65.94766963717807,62.99845994829982,119.03333093040432
914,23.344411808891024,24.23876559565067,22.826347146232617,31.48940228945648,8.152088277971767,6.723128148502321,136.03203509095385,50.72673289788516,47.395405830160584,21.196030114927208,46.688462460253724,73.82049465721417,58.195149418351455,125.58649329331257
915,23.057780882914432,26.541548095340975,18.589014946297738,23.73974799276709,8.152009688084458,3.2610331142777675,134.06314414020218,50.93662094415807,51.06675878191278,18.009165347924927,51.81556516073526,68.96170032841718,57.274276062344455,120.75126835668904
916,23.058048709129743,24.456472321137706,18.590067798823778,25.78000831482648,5.156956145828595,8.152303892281047,134.15281929844087,54.198322091868945,52.680881496339495,19.566047991582128,51.196208482581376,66.86798308873712,54.02595285624646,120.75119738848016
917,24.941268290412424,26.74099945892259,16.627079643066583,21.753634290463662,6.52222305900999,6.522005098435978,134.15185584155898,51.19702852213904,44.858995404120485,21.19533521395745,47.47871861543613,75.01777241892934,56.29162014937578,124.18107163585135
918,23.344706532831495,22.176219039244973,16.38629148254239,26.98824149154743,3.261012471972647,8.3138932823174,135.71860372400474,53.033331034212395,51.17050918530986,19.565088306498616,49.881584610626476,66.86796610158974,54.197958485106355,122.32657010554031
919,21.753224142267868,29.029180712452444,19.56521694340484,25.312153107039368,9.782127779782916,5.155778612607844,137.2858983719264,51.89331819089315,48.47700707827451,16.627917809401925,50.22687744797555,67.02693038533901,54.025966818242864,119.30115628376748
920,25.77997577898333,26.541544849855626,16.304363612674987,28.47550835640228,8.152033641760854,8.780092236195447,138.8555750909468,49.58812536986946,46.40267161265081,19.565192015305165,49.04903019188462,68.55562205347913,57.897607815413934,124.00966495035266
921,23.057887112951295,28.52169795976398,18.229076081239686,25.779101652628587,3.2610099928287797,8.152443454017934,140.42570359664404,48.641109317717216,47.535257604734674,16.626989435760688,50.22686960115469,65.23751036762698,62.72483231305784,124.29870279506082
922,24.94040099251114,29.029285806979217,16.386820090943868,24.940915254024212,9.918078066265117,3.6461538195102845,142.75386684152565,43.87032948319535,48.173224998118734,24.67246724943013,50.62243282877998,65.29947709200296,58.53673627457347,120.69615206466365
923,23.057935903827698,28.051390610342672,16.304429833394945,29.3936628431521,8.15205345956034,10.311381908239092,144.00525864990067,44.7705878498865,44.50201517981334,22.884220730585188,42.32868503066775,60.34811226288655,66.50963995999452,117.67376432273679
924,20.624344324121783,28.845737703634693,19.56507167519917,24.834897579021042,8.152263514460802,5.156535703074417,146.48486280192188,47.02963162857563,42.39137311309518,24.511484423535087,45.91357685240771,65.54235054298982,58.19514403062862,117.49390901051959
925,23.057762374016313,29.393158818810875,14.76427534124189,23.345458962020054,8.152070727475609,8.31372957808949,148.29763788098612,46.14472925748334,46.71728055174032,22.82606869349168,47.73078159591592,70.5813722183303,57.34459232623855,119.03324698204996
926,23.344274594217865,28.52068682078203,16.305079298362955,24.23931257522305,6.522135542466488,9.917974108930874,149.47644832121227,43.90079849616018,44.502485597746634,22.88413520578169,46.11553803106962,67.34332836998858,55.769319450576745,122.32550137071239
927,21.44538597891584,29.392616553218094,16.38636649859438,26.341420802105006,9.916927644006668,5.155779069023005,151.9102169503947,37.536254323340515,43.9008530176716,16.38631452496751,47.05703607918956,63.774989097703674,53.778716580261836,124.43769669570938
928,24.672460739088347,29.93109915494634,14.76438258158882,31.489777183533697,8.152152233146822,10.937516261271064,153.85809076327897,33.92735926382081,45.418768164045915,19.632932250962817,47.47876213528299,63.92064870872072,53.408014387918904,122.9759271450884
929,24.67267323313183,29.931498376128943,21.258652212332247,28.47493315106179,3.645694565462734,8.313722036392646,155.0198597354463,37.53505981490397,43.75001641119657,21.19601669715388,44.77065583764529,65.23741343066519,55.362481055964516,122.67378057063658
930,21.196448484003703,32.15771436099544,16.6273304703912,28.475068317077444,8.15238858754959,9.916876020572236,156.597617825889,39.401532359692,43.901163703067795,16.626928030318986,48.28449200438093,63.58710155515837,54.68624967094457,126.81876430346023
931,24.672536383987943,29.166607431901298,16.38528958185024,28.475086748742974,8.31359795900004,8.15237019130626,157.0131088613879,34.39441234461283,42.39221497684865,21.195233118568517,42.79695953387379,63.92060921333274,55.00221897929682,119.9231531560636
932,23.05793114294732,29.931137539774323,23.05776334322668,29.166583416958193,6.723050699503949,5.156672697253622,158.58875636832627,34.27793812588598,41.79202836783627,21.195235196206237,44.35314615809252,65.40019194685567,56.59770950735033,120.13358867952313
933,21.19633588981923,31.361792671049955,19.700776275170092,30.458689122833658,8.31379205415291,8.780205391593261,160.58807102471644,37.642034872702645,40.89095851095109,15.031762731968605,43.167720235404666,60.6775809851564,60.50271163538665,118.1134887933335
934,23.05778933215248,29.16598666949158,23.344131809793375,43.900825572242,6.722978775748263,6.722615789345812,164.12452361742052,28.890977592152833,43.90093839309936,22.884224218165343,42.67222656901163,63.77494725138621,56.2200878401669,125.2042925615203
935,21.753303016872522,32.157219826558446,22.176791143279576,29.75324019579594,9.782050508928313,7.2919116326440365,161.7423742991077,35.19716669968999,42.51698090459729,23.344154183076043,42.889933511167065,57.89756857576008,57.34339460863339,117.9445689165999
936,24.673471641675135,32.81127433068146,23.344912214562093,30.935623020120715,5.878531486594525,6.721654708663647,164.50386858644555,34.586632447824115,42.29751847095755,19.834819045912187,41.91856950799422,57.644462439759934,63.942341562496956,124.59767980637909
937,23.739217666685605,32.11621662598154,23.34456143049182,43.07578342902613,9.9178629319168,6.721638805797246,163.73470084883047,28.14529298611908,43.74983057689342,22.8842151107698,42.32877209574821,60.678567729860234,57.34334610235228,123.83830797952074
938,22.884325199771535,29.930901632310103,20.623429544922157,27.76623876732505,3.646086999424969,5.878435802970739,164.89920153472616,27.331523189454348,43.750088198822425,18.22906695404635,43.16872015144368,63.6080917141384,53.40779633595081,125.71285376302376
939,24.67251267739469,29.166476817673566,22.176478874425626,30.063747542419915,4.611232416232791,9.917047722400115,161.74237444901007,28.14711152145324,43.04449991796977,20.16708616706761,46.68851574169497,61.977608456346886,54.68626363484592,119.58979812867017
940,21.753031946276312,29.93088661294362,19.835796043444486,45.30115447053562,9.917040444367693,6.7216487249709385,162.161094765686,27.909612305051642,41.79112405176305,16.62808198883328,42.327794651120854,58.696344085133646,52.401808556917274,119.91159320351348
941,21.445400616514824,29.93088475122115,19.834977207694585,32.64892637629607,9.916888181921212,8.78005370541403,164.1642616373579,29.39297002491009,40.760722408911754,16.38547874429353,41.791977294573115,57.08876439366373,54.1977590755264,120.25485668099554
942,22.88412571104367,29.166457613668634,19.08478324432909,45.41831994727498,8.313584602811236,11.756872397746678,169.25922470099903,26.13912448125259,40.26928834017458,19.633436383945522,41.247908089060786,61.95745832493428,50.780123135846914,118.3163851765298
943,22.176722478817723,29.9309004703234,19.084243323115455,44.50291323245483,9.78304164444904,9.91804764778478,167.30091598754876,24.45700344074979,38.16767150288229,21.258262449212566,43.90163531678338,55.46013633424435,57.43750913654794,118.66420854155179
944,24.672473218140777,29.166450357982253,22.177006957777696,46.144423554437424,5.878702782555448,6.722861880467503,172.07095955640375,24.457245079157257,41.247153784938526,21.75302485135614,43.32131652288081,62.149343469476264,54.41806244648022,122.20683426769509
945,20.624381697278178,29.930890614031565,17.560125238510267,32.609261772526956,6.723027179631494,6.522007837493059,172.81071196778052,29.34786864044479,42.3919651835879,24.672481484561413,41.792422001395124,61.97925589512356,55.3626109026003,125.75565146487743
946,19.084208265084076,31.36261817807073,24.834377364008652,32.115848669675614,6.722781710444066,5.8792689137888985,169.6437084964323,31.0233585309128,40.269228203009135,24.941329993184652,41.79138945105799,57.088767948251345,58.5368275110849,130.8926973067205
947,21.258069888117507,29.93092565590021,22.177041996720487,33.254837349781184,3.2610003299737884,8.313376133924157,164.16452800132558,32.65085874347171,40.891138292895505,19.835137126149537,45.91314541961603,58.71968410144286,61.11493818939406,123.10605419088854
948,23.058091965057297,30.633536482209802,21.752148212073802,31.361772977198232,1.6311905023757673,9.918065400267487,165.06889469251428,29.531320613343688,41.2475482192244,18.008989251700278,45.91379872948441,62.04402565605535,55.529856354863846,130.56705054709386
949,24.511367388958504,31.36181386664565,21.752988307139915,31.361961392838314,4.891673891996092,9.782014383583054,166.88665232209704,30.06565681995923,43.32253504156947,19.632788255956005,43.90163998693756,65.21757584829389,53.9027735368582,126.14623914074136
950,20.167582390334452,29.93095847947146,23.345016329021433,37.25066346105667,5.8787032215142245,6.721882334587275,164.90017162501928,31.02268853381964,43.32217926220352,16.627934960569917,43.50538449859612,63.60832387104095,54.19788357607524,123.44035672571434
951,20.167279835612153,29.930953054217547,19.08377533800279,24.23861297663791,5.879307773136556,8.313559193370777,166.08827019357676,32.97369070424724,41.79218976167226,16.385291766782643,41.91836756008067,63.58731087846768,52.40280834000496,121.50899706143424
952,23.34413607200099,29.16551367135652,26.54197948816934,32.6487927440124,8.780114645088625,9.916876929729876,161.3390724486668,27.911280646021936,43.32251053185858,23.057885501904156,44.859528315576625,60.34856120530124,54.02585523730741,120.25589987298275
953,22.884227542745787,32.116300933326656,24.672698798786193,26.289953021153373,8.152066304234879,6.722755157335486,167.87146897825698,29.753785602919134,44.77002772262784,24.239293786550988,47.9808196388297,62.491265967308465,57.34308933006939,122.97682002159222
954,24.51131524823273,32.11623919446503,20.62448084625849,32.48618372971013,3.646362061387221,7.291837073906662,166.9431348091027,39.16506912196381,38.892686833606874,22.17604422477754,46.689452808907575,61.11418380208531,60.32676473580016,117.79898946589279
955,24.511376133277615,32.11651706350186,20.623447954291326,31.36198665980772,3.6461532211668155,11.869822640657137,162.16953132518768,37.817644122023054,43.413802532267574,26.54154196737219,43.50544810916867,56.59772410876745,60.32601705566612,122.4569612812665
956,24.67253072034368,30.632607330982182,20.430080393687746,34.54857997602734,4.611767248239653,10.312286386131118,166.27177492420424,37.81765556385093,41.663364622647755,22.176984596443244,49.34593184183823,63.31453328193991,61.37371349482533,119.12263249634056
957,22.884294889098182,29.16614635424196,20.62312856332872,33.61188485472983,2.305429579891993,6.722614868345492,162.7574451919429,37.18036295295683,40.10387964786202,16.05815033930484,45.913265313320565,62.72469786395229,57.3435045177528,120.6962153888025
958,24.510487929333635,28.47449802956322,19.013919891145886,33.013652977775145,3.64569449104353,9.918041544426211,160.57933377517224,37.17913148111749,42.39078007352261,15.031984617206424,43.167746965397306,65.40128645540935,53.40681828100618,126.21983231253529
959,22.82619173448267,32.81241521666354,20.167097107943167,36.640435838914385,4.891579256919915,10.937383338793381,159.5581031724903,32.486427678534326,43.04532522016801,17.02277617876972,46.11538449927353,63.608010397157514,52.80612268431214,126.81788884713792
960,22.88426472474224,30.634094057897382,20.62317050314856,33.612450187385825,5.155528081586326,8.15218406732354,159.55709269051277,33.01370549817656,43.04532501458981,16.386283815954894,42.89064693858556,63.67064560177809,53.406786644185964,126.59744601165461
961,24.673489506680877,29.16618827747561,22.17605934922398,32.15723510099862,2.3063325895837483,8.313383872546828,157.95840852683534,33.01419829049813,43.044183403167956,21.25876027042973,43.50521782515939,64.33516736520566,51.81563912764552,124.59777966914709
962,26.541631197146323,29.931134477277915,23.739501198556972,29.165929188449056,3.2614401116813654,6.522038291654046,156.36038697975334,29.9753049444746,43.900943937870316,21.258584151049245,43.901464837631075,63.77482955332545,53.40776718105334,121.74872818096806
963,23.73947879036803,30.633473050696093,24.94134935311152,32.11586991041036,8.313424253733247,8.780074621833307,157.35253182664096,30.064798594650526,42.390966163297065,21.258612663107243,43.505150031484504,62.72472261848059,53.77993151811821,121.35515681731694
964,24.67353354303846,31.36183175012724,20.42995937221698,31.489249902891533,3.6456998504024947,7.291877712091648,156.3603886993098,36.45879842306217,40.10415561633265,20.623691837744317,45.09597445823035,60.87467533402774,52.63005390188997,121.35537818960927
965,24.673454770665302,29.166450518094955,21.258432264689706,35.75854647348411,5.155984061577496,9.782081954357347,157.95842671819818,36.45776471193315,38.027491350411225,22.175928952224027,45.47742258771083,60.87473591762956,52.20002138961252,121.5413979483493
966,24.67259480781789,29.166388136912392,24.834210253868157,29.392867750639702,5.878718752893778,6.722896040994892,156.04563566628124,33.25549338734372,41.6646657109321,24.67345104802987,43.506336380915414,62.99958283584394,54.66216725031679,121.3553777776675
967,24.510556551214624,28.474377006988327,21.195394050595045,31.489536179577186,3.645723957296293,8.313405475659403,159.5570778224679,33.61329503596342,35.79521065030741,25.311689985988927,47.479098240660285,61.11459785567591,54.6621169218481,118.30579842676313
968,24.673459642862653,29.166462639073742,21.195465169844624,31.48920000756961,4.6120972366680375,9.916952771020428,159.36584986880155,34.855690977198876,41.56837357841026,24.511327835859856,43.322188497670844,57.08867009490017,50.62216952616551,122.79247085798518
969,23.34436083304712,29.166095446584695,20.167401563340817,29.975537006294314,5.155538974386303,11.869743482523203,159.36681512711525,36.78533315064579,37.215058907431384,23.34443306290292,46.40345812456175,57.08863675495094,53.779623236112755,117.40302602987599
970,21.445389572705146,29.93093571592022,19.083987834954126,29.97500850897967,8.152081292334845,9.783051028876642,159.24864728604618,30.935893090473826,39.80465541455292,26.889926616867736,45.47739837321566,60.52394697597434,54.19829762861927,117.94471092884685
971,24.941621968766142,29.166592831718216,17.021943973752258,29.166415857234167,3.645689916268818,9.506681252145947,158.63116467154586,34.85453059201661,40.85934612184786,27.90827928711909,44.85906743567611,54.19799704119748,49.04910392020453,119.56803590764147
972,22.884127043361897,29.16650574383594,18.589988318905686,28.891369656617595,9.917063218231693,8.313457092892447,156.04465119894144,29.393067648338505,42.51712334476834,26.290042497108463,45.41860749781313,55.53084546302715,55.36261881976175,121.19073918645108
973,24.673463809211334,29.166553711694633,21.195485683442683,29.975874774193315,6.721997353674608,9.782000010489096,160.8517999405134,31.65740180319603,43.0757775352535,24.94029324250218,46.94455787012509,57.089315620014254,54.19828326584316,121.35506638412511
974,23.058008238711427,30.634168531965436,17.021883873476543,30.633890495699738,6.723489206598674,12.417292725057893,158.68104190876534,30.063830411230747,41.66319911086792,26.137880519651976,42.32873515466587,54.6869961883037,55.769209853809336,121.04805776824603
975,25.310718222324887,29.16664409046915,21.444396611798137,27.717266001748428,8.152001486501932,8.780248248341206,159.2496236044319,32.033025490980435,43.90076657965787,23.05778107001142,44.77073205469266,57.08836869192272,55.362601836085126,119.42342648097582
976,22.17643901077079,29.93105137481555,15.032495167071371,28.47527143135959,10.312493151280913,8.313705909691356,155.7473020194446,31.362740860526863,40.10398161674256,24.673347241007786,43.900622925069676,60.6775715901605,55.36260472689919,117.94475605217903
977,24.238015548739572,27.13685565140249,14.76440591538069,25.77895826301877,6.721732217413041,9.783107751581616,156.69148240773723,33.57223330022014,41.66403866736087,24.94034463079421,50.6224424421227,61.95702061586614,54.198290209717484,117.79903081020015
978,23.05816840941408,24.88734472229937,13.043328501193288,22.709935111112994,4.892298591725669,8.313749528876832,149.87619686696075,39.435023894596185,41.150177779762,24.238021669667845,50.622401268998615,61.978488169268566,62.08505166735425,119.56803081437118
979,22.884629855230006,29.02923135476854,16.385357694193985,24.07345129174064,6.722768638685171,6.723130330413118,151.5696395895074,36.639998804870295,42.39184872820822,24.510304712733664,42.797292058924796,55.81736890632606,58.536831732483044,120.92821893373647
980,23.057784496125702,30.32757364944943,19.633176454573235,24.238530349031063,11.413003868553098,4.891005314258019,150.93670834422096,37.179899938998865,43.04413708201108,24.510328783103816,47.47896993472378,65.9476914163841,56.22106700790719,120.82920171558241
981,23.739478805038395,26.741881987357775,16.38577113216218,20.62493237805769,9.917862428237312,6.522033138959115,146.13166227994802,39.26668622801727,45.21373162587856,23.05778899408878,48.639998859763324,69.1732865629338,55.00118951549787,122.3800994849756
982,22.884597084119715,26.74110620894976,17.934059158263555,24.073263664906115,5.155595798843154,5.157170163331909,145.54794588288226,44.051968032267965,43.90084218742152,16.386381277114275,45.09496181307289,66.8678809762959,53.40681013164416,124.08471550027893
983,24.511325314235535,28.520602289979408,16.304041867849886,26.339998156180588,5.156045489347934,9.78221773327948,145.5470137199864,42.673532358948286,47.952585041203484,21.25858359245418,50.22712738671107,66.9274923000938,54.41815413270476,124.43768238562987
984,23.057978662650047,22.176844771607225,13.043157401108221,24.073822859164164,6.522270008701696,8.780046995548277,146.78415584559883,38.20396438929468,43.321952831619754,21.196084989463905,47.478955858462534,68.47808386354889,55.001154526455814,119.56827296551215
985,24.94100898032484,24.45762343529909,16.304159226011535,24.834582195347583,4.892000400290408,9.783171437672356,145.92180216834075,39.26675773419143,44.35326285375004,19.632871009735183,45.4773917599156,70.10901279941464,54.686062731407134,122.97697384616521
986,22.71004791833436,25.4689375480093,16.30413340015706,26.34111784071521,8.152198086951751,8.314385598040227,146.31283760756534,44.052376599857965,45.418310177425234,16.38632019456828,47.05702067802624,71.73900831975926,56.29078702474434,126.06189997917245
987,25.779900293348774,24.88826081475139,13.044763047003327,25.78099584395162,6.721803315994614,3.6458409110548344,145.9218248093029,38.06400131958877,45.41827744334339,21.258671492843256,49.88174751385238,66.86795400447217,56.290638498281595,122.55451962901493
988,22.884749409550565,22.176279028784297,14.764509207199438,22.65133890636366,3.261005313821055,8.31351128687294,147.89362670470862,42.51616191573344,43.04443219182431,18.009135943115105,46.68846069816599,66.86792698569404,63.31416013216385,120.92814402407528
989,21.25820621724704,26.7405591144865,16.305029646543094,25.520607884202594,6.522163901087114,9.917159718629243,147.50699892239643,42.077646775344284,41.79193018951304,19.632834945814626,44.352194395215406,60.67747938447179,61.72012278338047,119.20068692476653
990,22.176567490227225,27.76550683007422,19.633028637092647,24.2390384889969,8.152324557421384,8.314604497052144,148.378979568233,37.53606536756385,43.04518027003803,23.344124717652516,50.62244484479709,65.72553408593065,58.53683080693735,120.82840478705799
991,23.057978944400165,26.541622697272427,16.305330635180916,24.073652840896692,9.783000103346842,5.879293654906562,146.44977701794858,39.469578526045844,43.9012682628792,23.05799668505663,50.622144162013875,65.54342306336234,56.947999823014136,122.45597404760474
992,22.826453640464596,27.76508782143687,18.008933077674648,25.520808054777678,8.153186999474464,6.72215412910483,147.13695881658134,43.04480074570246,43.90083692223845,18.008951094715208,45.91386200775965,68.9616603128426,58.53687090779729,119.12260323463401
993,25.311764922201004,26.741331460420877,16.305235516353918,22.65117743890803,8.313409248988542,7.291933412686731,146.13089834556365,39.26735653643144,44.859043568821924,22.826113431452132,48.63994349276399,73.53196977402311,55.00213822243645,121.04828567008305
994,24.67246412055046,30.3275712201607,16.305320574586236,20.430134802080033,9.783204488740706,3.261139088441515,140.0651672838526,43.87126251038443,49.50675636127312,21.445523334325276,52.1988067640833,67.16548271114897,52.579949784615586,124.08462432147458
995,27.33106111284242,26.541583141478263,16.38692962751257,26.34170603769339,6.722847706596113,3.6456956339228515,136.8792785904825,45.09647123886057,44.352229372222425,21.257921782016243,49.0489870743093,75.00006007547717,54.419051298255845,126.06206635203272
996,22.709786674310322,26.54202886043731,18.009017085258183,26.34023967139219,8.152300791856234,6.722696129267144,131.7024536814748,50.936680094505014,43.321884174314654,14.674000057850963,45.09599845892898,71.73900538763273,56.59770068015988,128.9701381104524
997,24.94029204272415,26.740396397517344,19.835062265134436,24.940664645547553,9.783076375233371,4.892124773572439,124.98197524115704,53.48246278359433,47.47896292556233,15.03176871914158,50.622415177310785,68.55573161973562,60.524074659623494,127.43518183078062
998,21.874950031098223,23.05913456533906,14.764253744945492,25.520246047742457,6.522243375276323,9.91787873875506,130.56685124084993,56.59809427656729,43.321883067634865,14.764253333162795,45.095976096972315,66.86787333572494,65.94668909302281,125.63928957095048
999,26.341188548075937,29.029229321276308,21.258617602547563,26.988079612712713,6.522246130149078,3.6457455039650686,125.8712150220368,58.37809529258327,46.02947311131513,23.344221611707887,50.622430398648525,70.12797799126398,60.523947644305345,125.58632329034378
1000,25.312040960804488,24.456439875226422,18.229054245232405,21.87545563194343,4.891413662099045,4.891333926416821,124.30940234793351,54.78359245699022,44.53193148867078,22.88435076959035,47.47994800959582,70.12797381547442,61.1141019943423,122.32646170561883
1001,27.331233950618206,27.76579874842149,19.632900769499784,24.833905313943347,6.5222740546607385,4.6117504296395095,129.7088746230123,54.49219371885126,44.85987528645627,18.229425016442086,48.640954041347875,73.8205207517044,62.72347173050685,127.21592617006762
1002,23.05777812732602,25.779847926211662,22.70865788724665,23.344552670095922,9.782002973375578,3.262170269373467,127.90394641607962,56.597994755437064,52.09748270180447,19.633968690617806,49.34577480716798,68.4974419694476,56.03036096019731,127.21584437301597
1003,23.057762612531267,25.779054482675882,22.709643276208546,23.344395486992916,9.78300563155365,3.261928219220004,124.78990989261138,59.080140085568715,52.09714229533474,17.93508149824316,49.34590451040253,68.4974146274597,55.81750633022999,128.8968983028387
1004,24.94048474936288,23.172288098830055,21.19538998218456,21.44581498264019,3.6460658355329754,6.522128480783239,122.74991433395958,61.049334831513235,46.40327816232619,16.626962935865343,47.05702707856135,73.53188395463049,58.78654132741511,130.52677397677357
1005,24.238473759987524,24.456418869989992,18.229127360470134,21.195385649343603,3.2612587143745264,4.89246785786891,122.19561796185972,62.91476224441621,50.62220348454841,14.674001476621445,50.62214379297424,70.1279610615715,60.348166328389624,129.1760133461786
1006,24.83469108568264,22.177056177058365,19.70075376107325,24.238219810093533,9.782069040315738,8.152056735045198,114.502668000945,66.3891865871575,45.91358624308806,19.633058343071475,49.04901145112914,73.36900154830592,57.274220017906835,132.3173739467917
1007,26.339825169287714,27.135903983969452,20.167322369219605,25.52035624576976,4.891269572197405,3.646272181634323,117.77524804850361,67.402035277046,47.952480230074634,14.674005290022194,49.04827725338719,68.49742394002926,65.23860758337017,130.80143653937458
1008,25.31073891944598,23.51430798590569,21.874145799093522,24.94080472346573,9.78300095514308,8.1526966886056,117.17615919412678,65.58308243545125,46.40330117179178,19.632810118715074,51.066759896640406,73.3690000168194,65.29947680494695,127.2670411523172
1009,25.311096874112824,23.51404315977948,18.589300355386815,22.709593614254757,4.892178262100529,6.522350376668226,120.65289591224497,62.08539624003052,51.55890436611376,21.196194043879853,51.06670063691024,68.49843435352774,63.60790131975084,129.06272789910423
1010,21.752543425172217,23.17361112523751,19.70116758147656,24.67346897063984,8.152092744872066,8.31382809943079,123.74089018300303,62.936401723527496,51.55904557597324,18.009093999810663,52.199776191946704,70.1848306767515,65.29854401474907,130.52681216859617
1011,24.238018854318124,26.540986409286955,19.835053533719776,26.339956265668484,9.783002099319068,3.6465918545240488,124.30966963325132,59.7060112710747,47.47992209074411,15.03197983037101,52.20005269479663,75.159394930935,63.9206174640052,128.8453640642702
1012,24.238177922286134,25.469680547389842,19.632784211546664,26.988974339074115,9.782069243347015,5.878748449651228,121.68347168540276,60.656163258593025,46.403277318784056,17.935005970279356,47.979629313045116,73.38812628656603,57.89748474555524,130.52668725097413
1013,23.34418629366256,21.93517646466241,19.700799339095227,23.34461112107483,8.314433561695912,8.152201426133237,123.23515971300061,61.04974773007837,50.015028134121835,21.257586269047593,51.48209257788276,75.0177669179466,55.650448054199494,130.52669498096282
1014,24.940287168763906,25.778994141592324,21.8741429362798,24.672892082545683,9.783127981462846,3.262302245381957,123.23514044708514,61.9782413138616,45.91385891786708,16.62673028517634,49.048306728985466,73.44250763609641,62.149839264619615,128.8979001355838
1015,24.940290487083377,24.456418637177098,22.70877785219362,23.34463571669419,5.156357608328198,3.2615988602218984,124.81137690375463,61.977400362603326,46.94425520256464,21.44431937964049,49.04925174666368,66.86792199629438,60.414100357727754,127.34109588510232
1016,23.057829148141867,23.17361312831141,17.02228688252151,24.941491506380505,9.783000160300643,9.782003697352897,121.74866980635578,62.9361153470081,44.85898926594096,18.009093556578566,47.95238661884278,65.23839123649218,65.72453733726331,127.2681043399604
1017,25.77987305355991,21.25873740749217,16.786356609109994,25.310966652071006,9.782010813581461,9.782084275144262,118.39545344980478,63.91990458163736,43.32188857928434,17.02185092233908,44.35255826050207,63.67056834190365,66.92750586743007,120.69707889799622
1018,21.445539393243518,20.880041680507162,19.70077703362595,21.445601560626837,6.522066607646318,6.522269553936586,120.65291078131989,61.978091359920924,49.66787570561428,22.884128214403084,50.62214420057967,66.8679330528976,62.042807405066846,128.96897375094917
1019,26.34034797134408,29.028547975953412,19.835085122145554,27.861296020200882,4.89138233821986,4.611964173495234,126.34570692765871,60.3484721685661,44.858943965484386,15.03216529765755,45.47741671236573,72.03485709064373,64.33501892483571,123.95590580963346
1020,23.7399380386807,21.93610050893087,16.386366956522156,24.073482271331173,4.892036024302704,6.5222511946845385,123.74125643443104,57.43778548447132,49.50693977458537,19.56515427152099,48.63997041341615,70.18480018706049,57.43753847678049,127.26813664547988
1021,23.057956166268564,25.779819574891,18.589946566612845,25.311727186678493,8.152208309733304,4.891560619182409,125.87198272958878,57.8982769349833,49.507661946229156,14.674044987831248,50.22690260053111,70.27846687250309,57.15834756896082,129.06280583726428
1022,24.940963874122353,23.17330566733376,14.76469301038518,25.520642306826737,5.15667170898138,5.156160696503084,126.9860516518157,56.10262776170862,43.321894156360685,16.627108734356018,43.90050755466166,72.20068829289873,59.25941950123904,125.6393273979816
1023,23.740069730300352,24.23879829382338,14.764361527060018,24.238323852135025,4.892288275018185,8.152137158409491,124.30940924096065,57.04253578352256,43.32188696690082,18.009390358019452,45.47742905679201,73.38715670348991,59.259394551997964,125.80751867540408
1024,25.77902545162636,21.93440322086293,18.229618866708105,24.239006762004813,4.8923222435568325,3.2611149839011793,122.74992580982402,56.22101907480866,44.85996273232547,16.304427049609412,43.901476979193966,68.47802318251019,59.25947523839103,125.92366490822482
1025,23.05886164528415,23.173388398535185,19.08428094234025,23.739476831809164,9.782003688663416,9.783110709675338,122.19565900264195,61.04899199411357,48.47640858173713,22.88419649561676,49.506784414181,71.7390138309358,55.52983442238275,129.3086813518121
1026,25.78003941041771,26.541637041141207,19.633023896384486,26.34018245618706,6.522340476351233,3.6467111116074764,126.90129507473573,54.784120083460294,44.859089083024486,17.93508284224369,47.95238740893241,65.2994811071919,62.49006895611995,124.29865582104168
1027,23.739726415150123,24.23908855455822,14.764411540228233,24.238637901603067,8.15224539265163,8.31349624244726,127.9038358184878,53.48250822940292,44.50290291546439,24.456022311717533,45.41825093405487,61.97744138972596,58.19512964871392,125.71324266679495
1028,24.672478575012214,24.238085100647787,18.00894819772449,25.520574817596245,5.156384552952204,8.314900757228758,134.61690661148043,47.28321118411179,43.90099792237392,26.28990644137777,47.95209609226955,58.69603214043202,55.64951484268127,119.20057420380526
1029,24.51062623271795,27.13607090053234,18.00900938656828,25.52086538409745,5.156784186184637,9.91850586480364,148.71843643229874,36.640705442122716,43.9007783413506,26.137978108553792,46.40298404525418,58.71770073668166,55.00133136268187,118.11345694677294
1030,23.0578842101834,27.71694820938622,16.62797158900537,27.718410500550007,6.521123072300982,9.917903038450229,160.16455040780886,30.936202419784475,40.85922423451155,26.541615545215233,44.352208527379425,58.78551817990217,54.68621898738353,119.01030766917853
1031,22.884261528385817,29.930887372361145,19.701158778680036,28.14645161974754,7.292010219828321,8.152004679845614,169.64371275314153,26.138177415718896,38.89241855701156,28.890974069734394,44.85910251434369,52.17439588683333,50.62241255533122,121.19111057418975
1032,24.456037883478118,29.165934515433754,19.084043799700858,35.90612419090209,9.782077151617736,8.313580226809664,170.45641422057932,26.137254677997475,36.20164159399543,28.14559907253005,44.53196081106319,50.649534773937724,52.19978873961951,115.48512618912778
1033,24.45600371780365,29.975731647732832,19.084055599171872,22.826319155305132,3.646129904087452,5.156460624129786,175.25503233052171,26.13833885119895,34.663935043483434,28.892389204651206,38.755770553484815,49.0224985114232,54.662113954483694,117.99004882573847
1034,26.087001360459663,29.974800986699712,16.05810710424658,30.979176391976996,3.6465443351240183,8.313370557305554,175.25501901919495,24.51219309868878,37.923325546638274,26.541651132952886,43.07580865953976,50.650125494145776,57.78287323496916,115.1280072789012
1035,23.057671598149245,31.48907428125567,18.228477165293505,29.34824574399979,8.153061942114778,8.152012523022757,175.5805452729974,26.290297531988497,36.458463263426594,26.890024621240997,41.79261524827157,48.94152639407971,54.662114966641106,117.99019564161685
1036,24.456003199114157,29.97574071344063,19.01387664638391,21.752178015852675,6.7233502865480395,3.261027976890747,173.4253739039817,26.1381988030469,36.965419818663804,27.861162648034643,38.75568791578179,48.28602723960232,51.06670361051726,115.07071711820049
1037,26.087066759686234,30.63295860791927,23.057772086466308,24.457192071805515,3.6463226839565963,4.611759245923586,172.6720564136585,26.29024546679622,35.27262261444451,24.94044610968933,39.19918771201517,49.589752118057625,51.066713878664736,117.14130259576287
1038,26.138004708678345,29.16593337771695,24.83419556026101,29.392693043429357,3.646180624999356,4.892000319844732,172.07098394791393,24.456135077442017,36.63942267019082,24.940679910219796,39.19865091646558,52.8078914960258,50.22692142444726,112.58224485118444
1039,24.511257601064877,31.361742100315933,25.520266208885822,24.51142608498517,3.64571030132247,5.156413143009538,166.08830887822748,24.510826932066045,40.26903339051436,24.511436420365857,41.24799305962935,57.15932559463048,48.283581654828026,116.72219388867252
1040,26.087163137040474,33.57369176842223,23.344369316653733,29.166713711892253,3.646179597529903,7.291821695911312,159.75822926397746,27.86221389081643,41.79119138835186,24.457106716003796,44.352197277593895,63.60802979090751,51.48114976790662,118.66406745219588
1041,24.51032732504609,32.15830818965658,17.022969397357674,26.291030053942006,8.313507748227861,9.782385046522885,155.87494013229247,38.65220195485608,40.26883706976759,15.031992955763679,43.90052386597479,61.977634646234286,55.81762536348679,121.7489283884178
1042,23.739671211976766,32.60900372489513,21.258706964707006,27.331579217256316,6.723575388749737,4.892004884458878,153.44327042790113,43.075468787893314,47.535272190556356,16.62791199597906,49.34590383924653,65.29862675450084,56.5968703366937,124.43753278754518
1043,25.77889143197782,28.520967471624385,16.62792037812496,25.520346888527644,5.155615112663975,9.917870776584264,153.0356950561638,39.46905857808252,45.41895109968515,18.22810316519192,48.2845876164691,69.17433196051326,59.79532297739117,120.75120887649751
1044,23.344332452954443,31.321072104270264,22.884146171771974,27.861220978728458,6.723027724132622,4.8920430867915,148.29768907871747,43.90098056359653,44.50290905257566,18.22902046318112,49.34590686934825,64.10759104583234,63.67121561794398,119.03329649427093
1045,25.77890358332725,29.029416224094657,18.229169303242404,26.341282384916816,6.722968144807835,8.313448936393652,146.72121355279603,47.028774559312346,43.07607846515396,23.05764435823022,49.88185613171532,65.29849334074046,64.91125391461165,120.69614099826433
1046,21.258723440997453,32.364119059711776,22.884220732048576,27.71739716653128,8.15210721691636,5.879458167934954,141.33254244930643,50.648398598521354,42.39083822050986,18.009008606549013,43.9014981986009,60.677638618987785,64.90999508875734,119.06677342723562
1047,24.94068261014572,31.14999898626493,22.826008780346204,29.393047114460582,9.916878903495885,5.879342984911234,144.9254668717639,50.64839243876332,43.90120032771053,18.009079457883338,45.47741529008357,65.54243618308203,64.60317295206654,117.40241119193416
1048,21.752164570396584,30.328706210104244,21.444396781248372,26.889984141509423,6.722870184676771,3.6462728213978224,138.21232655117382,53.23407046141378,47.53526442818635,16.62782793079797,47.729738864648375,65.299553398554,62.998731492923504,119.06670361006476
1049,23.34438260269262,30.06443553455912,23.057780673377934,25.311088634069936,8.313757804713886,3.2612536382393134,135.7186917499462,51.89369188802447,49.66784275427346,19.835935090876855,49.3457832178329,66.9276471578718,56.03030534145926,122.32553924470004
1050,24.67246923723287,29.975766946796846,22.826036335071077,27.86109188216025,8.152001563567177,4.89277468723989,136.17810094946438,53.03400125596115,48.47614407706131,14.7643871574121,47.9796063824155,66.86794656928306,55.65072415055261,122.5545276575177
1051,22.88447146307223,27.765990883709232,24.45705214769408,27.86114555621263,9.782044138982181,5.157003667054742,136.6556921722445,54.19890537809427,50.01519378603524,17.935132855797,48.284275103738054,66.86789804960017,55.52999505508938,122.55455966025184
1052,24.239006831226103,29.974776512342793,21.25874075632821,26.89049802710517,9.917095712596703,3.26103899680825,139.30402599708916,49.58866125155559,43.90080842872969,16.386389146339994,44.770446558865366,71.75772820028185,56.030411173063,127.68535938178807
1053,23.05841607780341,25.779564252432863,21.25866305287229,26.341635219220933,4.892170812242803,5.87899765935665,146.7212885523874,45.09604535779436,44.85917200556435,21.19501136076659,45.09503058178291,70.10906686624227,56.031363023014045,125.92369117548608
1054,20.16738029301385,30.328181881049108,21.19503266823075,28.47491896152891,5.156131516349143,3.645714532447671,151.1732343194069,41.15058991062454,46.944190602338395,19.633823744115034,49.88155239097603,65.2374674203764,56.29071158240389,121.54112625503028
1055,21.445480121797175,32.6089841144373,19.633095556138972,26.989988330556997,8.152154539654887,6.522066765920265,156.32641221933463,37.92324700665841,43.90117670540114,18.00905265501871,45.47739366581509,63.608018797545824,58.53685415018337,119.92319644002887
1056,24.941497310815684,32.81227965081373,21.444433139058734,32.1162068555809,5.155628694572969,9.91804017262299,161.33907106803395,31.489620645389927,43.74978510796703,23.739478972564584,48.28362316307702,63.67063460505509,55.769170765556126,120.36576518373413
1057,24.510329479766785,31.361846811936864,16.627909638892348,29.753064413214734,8.313436380596515,9.783000514238113,161.3393065165771,28.47444291937996,40.10334686354851,23.73955500799196,47.4787690738225,63.920781265100544,57.78190749516319,120.36574635324159
1058,19.83494383759855,33.57270803781506,18.228426233349268,31.657157416924466,8.313669223884467,5.878478109223932,162.5945453092496,32.03266678739223,43.74889203185086,26.28990628962352,44.35233504627134,60.677606967739614,55.76918948805175,120.8946197629158
1059,24.51126635485002,29.930933689671672,21.752237116064066,38.06306258480944,5.156240783890573,9.783015046342472,164.12354498309284,27.86106925170566,44.50293183409408,21.445398512881038,46.115534147191525,65.29856567433046,57.25101341287714,123.83852178527329
1060,21.25868278714706,33.01324060164712,18.590231248978064,30.459481943131202,8.313452984724503,9.782008420422907,161.33930629214447,33.01370135225201,43.044410538837965,19.084084933259973,49.58766656738897,65.4013600063158,59.34847769396479,121.35513225588232
1061,22.88449540069114,33.57361945355467,23.057767204692595,28.52167489064284,3.2612151035980115,6.522008836370634,159.36683386791907,33.57347823360013,45.94269176782035,19.834906079690118,49.34577217908749,65.29956842555724,54.66251333063681,124.77896173489434
1062,24.511262341890934,33.92679759245637,18.59013743793264,28.474554007096014,8.152020062744926,6.522003696651504,153.8672283965274,40.26911668470958,42.39169363887348,16.305000169061767,47.47900228397831,67.02580838631786,56.9479232588346,122.97676350803563
1063,26.137876417127394,33.927912500682275,20.167131999503788,26.13845360826071,6.522063812950689,4.8920775133393954,151.86696232806045,35.90745311997549,44.532273441852375,17.93510168791984,45.09573654723127,65.2374149333277,55.36247626865599,122.97664451701716
1064,24.672461594936138,33.57330818703513,24.23810336381881,26.08707303140746,4.612218904355643,6.5220614986620316,156.19829382263816,27.765559293311597,46.028970904093306,21.444396622325755,48.63994528060978,65.29947695515264,55.36358411647411,129.8319390414745
1065,23.344191191537888,32.15671334525496,21.75299289027813,27.764960363883887,3.6458587871776893,8.780064021452533,157.40241346439797,31.319202868899605,45.213364949200496,18.229162760496617,47.7297070646975,65.23839119604526,56.22003124240622,130.80138026782942
1066,22.8841625586284,31.36270003550315,24.238355392126746,26.28999525097706,4.611834844529446,3.261110774052479,153.03474400801883,27.66979799341197,43.32188281683387,16.385399624807963,45.0949639078153,68.47900396255498,57.344312680619595,126.59726379709804
1067,24.672467854028756,30.633193827188325,19.08373826538083,32.60803338804058,8.313585003113955,8.15202524299133,156.3603885171004,26.541585944247153,49.04927413813992,25.310719776519672,50.226870290234245,67.16541763603394,56.22002696030379,127.84114185208351
1068,24.511339420675455,30.632824890858505,24.88815064324787,28.475008410736752,6.721954138112005,27.331081759578495,150.68061601417483,25.46846026154361,48.85905275455348,21.753149445180473,51.48110567965688,70.12796993221455,60.91769649083997,123.36526256220334
1069,24.456012066533596,29.166766012165265,21.875498293890708,27.90918789321144,8.152312623006843,11.528884397101992,146.31281930704571,24.238086178713083,45.942274593253025,24.510346914888213,49.507663584962245,68.65260050790737,58.53672470348172,122.22902943524932
1070,21.25863767787672,29.931057991366757,19.700756546955322,27.71803907825985,8.313561182031181,8.152073796769063,148.71913544615907,28.05078983202401,46.94419430647987,17.93510937431094,50.62242782113676,66.86817259027268,61.71990058552402,123.8382944880504
1071,24.51037865919897,31.362846682659356,19.83493182497587,31.021908785500802,8.15217515309391,11.413074939159909,149.61025605354618,24.23829543076163,45.418700789563,22.82606137979625,47.95333884652456,71.90585870872447,54.418094646865455,126.62927582493347
1072,24.457034896512443,30.634312196777113,21.445260285667405,31.02185554874767,5.1563572334051,9.782164626408214,149.8762581177563,28.521480042752394,47.394428533918365,24.510326355491006,50.62214788079324,75.28312394040917,55.36236042812653,128.43249240264606
1073,22.826005002464733,29.166942306729702,20.168062725695783,28.14641003003482,6.522482980573933,37.641579914371334,148.3788360649579,27.135830882511065,47.39527465187422,24.456010187102983,50.6221441341326,73.82071435818165,54.198276350145456,131.2568813072643
1074,19.565074085240873,31.36293116520658,27.86108633684052,26.137939450033905,6.522002287138755,8.313434814047909,149.47681969664268,30.063572421303526,45.213367182959985,19.632801577574224,50.62214915299905,73.65950680126514,58.53682781370392,128.43249590926465
1075,21.445396729084074,29.931373184467294,21.75320915933096,27.717005082371855,9.916885619598304,11.413081487557784,151.24477957671786,23.173163795593613,46.02906344125596,24.51127722833893,47.95240326907593,68.96251810774811,56.29063845103284,128.21496985120558
1076,24.45611105602861,29.16621893734654,27.71674386419192,26.087013638123118,5.878641073336914,3.646240916942629,147.89372893493783,29.02863466464878,46.028916060759094,19.566030691950143,47.057004513515416,70.12794717546558,58.195148416587394,128.928337740021
1077,24.456000046308183,28.52197550890952,18.589973029626936,26.54177564980922,9.78319424945147,37.535496797101366,146.13173407795318,26.988081715227004,46.029026515530205,22.8842183615997,47.47869597295166,73.65833677640431,56.59766648045398,128.215016314538
1078,24.51033579883395,29.16699113821995,25.363944705269766,27.76589097896131,8.313400261650145,24.457009785386962,143.9596397211695,26.74146121626783,52.50442266307099,26.28990762816909,52.68085249778255,70.10900000026021,56.030401438882144,128.6702702090867
1079,24.45708483870397,29.166286767473395,23.057957901124027,29.52862431445294,6.722101485217341,11.413036209878568,146.31313755366205,28.05150627680022,46.68818518900403,22.884127498532237,48.476373743906194,71.81321579141286,58.195141807724255,127.0596187730522
1080,24.510392721460207,28.522045874146684,20.62343761619591,28.1452418673992,8.152289348963622,37.500009269581376,143.25548062077763,27.860853832369443,46.94341963399097,24.45603331315111,47.9523924827818,73.3871651131864,54.19788670687962,130.28252014026532
1081,24.457120768927062,27.717057299489415,21.25892859430521,29.393301863811935,6.722020608604245,11.5288465869887,145.92182319551594,29.975024353878755,45.41825329753057,18.008959871233237,47.05700927345307,75.00004185350004,54.41825895105518,131.66232138371757
1082,19.632873337723733,28.522032716548264,21.257632588216985,27.717035193190547,9.782009252199451,6.522128182181952,144.22692996256418,27.860915978251846,45.41955741227111,19.633321716861257,49.04928049307376,75.28312102178018,57.89833804025747,131.25785968191357
1083,21.25789726289973,27.136239891745674,24.672538137886356,28.146220885619503,9.783085324062148,35.9060784085432,140.7283927241449,29.97590319510455,46.944195545962835,17.023233389587176,49.881565653115565,70.58056153531243,57.43638242317228,132.55724244884465
1084,24.45707976233971,26.290071768267808,22.826185305139674,32.60900819398971,6.72208276065716,9.917105376909506,141.66019718043552,30.633546578063775,44.53229143740268,17.935003444813056,47.05800037746697,75.00006848959649,55.001157965582564,131.25772862868106
1085,23.057766632764817,29.16691282195291,20.62370287201908,27.764906392774424,8.313708774204008,11.52896400949752,141.33170212442954,28.521589068088755,47.39480601519572,22.884125940842093,49.048280634735335,73.3690308545803,55.362589983584,129.30972805096778
1086,21.196421394337648,28.521782246402537,25.779430860401597,34.39394242974711,3.2610147285163844,11.5288122016412,142.00742089071062,24.457288773513305,45.681332260885775,28.474746943628777,51.06670471676588,62.72362538749165,53.77888191439765,124.29869394223732
1087,23.057963954445814,27.717909271090573,25.5205067420097,31.150162124624956,5.878497438499205,26.290030332758626,139.99915339555818,29.166007339201034,45.33152915242152,29.527512820697684,50.014080183386014,61.39619231659632,53.779852447098826,119.30095158994226
1088,23.344152412290676,28.52200437888137,27.76597532956554,27.764888821173084,8.313426951203498,26.137874267147748,138.85561511573627,29.931670151039786,46.17380921561403,32.771672407521756,49.506705810962224,61.396150838247195,55.362614534782075,121.04802684540962
1089,21.753238754515593,28.520628289527487,26.989080799764672,36.4571270462668,5.156465825351254,11.528814598309802,137.28690373368224,31.32085042401214,43.41374045774229,28.14523730334781,50.014404311967006,60.67757849526209,61.396124557849184,122.97567103151788
1090,23.058144315989562,25.779851578260132,25.31197925320326,34.27781304132366,5.156425142480059,5.156572743495523,134.85438089795517,29.166785379594955,45.94244017150714,26.0870584691687,44.858931262427646,68.65253463568851,56.59669139926822,128.43247641156563
1091,22.17642815519058,26.741453321614653,25.78070042231628,26.087050204889003,9.782025018950609,3.261200221202181,128.92776511472587,32.97425253098482,48.476111968358204,22.826023372506782,46.944219467608875,73.38710533396664,56.03125372421004,132.14583238702184
1092,23.739484212237585,27.136056752209303,30.0643073446408,24.510327179272206,9.91787995192845,9.783031909391616,128.92776286379723,32.97414183334824,46.403264621188335,17.93500609494728,50.57022319119039,75.01776268454724,54.41808298600035,133.5064023037659
1093,24.23808201278977,27.135991223450805,22.710842392765972,26.137936893165943,9.916875752922113,11.528983217746665,126.62938611352554,37.64169774765247,46.94419040979282,17.93500436019005,49.507403110234435,75.00000074807765,54.68618159745617,131.2578403785321
1094,20.16837081021111,28.051710370842194,26.989757534659915,26.290034537654915,8.313443689391825,9.91708680719681,125.99785675693286,39.164330121016604,52.63109387919664,21.195293064939694,52.63004106417657,75.00000957252905,49.02158608525468,133.06860045953027
1095,23.0580283747771,23.51549358039641,19.702371861408565,31.020854078564707,6.521239145983238,9.91687690807346,129.50446033287398,31.149500124327602,49.5076748671396,16.38548094884604,50.6221447711592,78.26106355696679,54.68602692717838,131.4500329618376
1096,21.195389519391348,27.136024314127095,29.030110613126855,22.884197101500575,6.72311992443993,13.444483863592504,122.79226034114711,39.130737437144674,51.06671199100842,18.58923808868461,53.77960698118419,78.26105275871329,52.27590971794965,131.4500275691727
1097,19.83492075162453,26.29060240004034,24.834328514421863,26.087005878505327,8.152023471006679,8.31360220559662,129.20626738190583,37.8183300470728,51.55916871777125,17.93473345748977,51.81652748052391,80.04066746983132,56.59769868751285,132.55724044481804
1098,22.884324468417457,24.887591702737677,27.1368876454953,31.362722719430458,4.891202816257387,14.58320304656093,126.81882787249548,31.361899490380452,52.09747894651873,18.22905345896917,51.81558578365366,72.2007577029094,59.79533234905585,130.68951671699313
1099,20.624172848975075,28.521523804079642,28.846295964310915,31.149167395505994,4.891245905709116,11.41300015287054,123.10666138653953,35.197129904878544,49.66806123720256,21.258347607528194,48.64091572008546,74.25137541849907,59.79531556002056,126.06070880457735
1100,22.884135628907682,26.741682650847746,25.468387310240104,19.701249889590773,9.917049575313444,9.91787289119619,128.56646073538292,35.1969042476332,47.534777967109775,26.889778289284656,52.63100431195659,70.27954049913025,59.05627131475887,131.66227093053635
1101,24.238107693858627,25.77987501225717,26.7428567506532,28.47406034509375,3.2610330827394494,13.14557383978059,122.98777012540867,33.25516207659189,52.68104389022288,24.510382815434756,50.62246064386333,67.34342302687088,55.45897371109576,132.708079682166
1102,23.05787458600677,23.17327067589928,25.47027927383846,26.13789237651763,6.522556402028013,4.892050459851868,119.15631987219533,44.0513364778985,51.558761804356784,19.565011760494905,52.09751670178994,71.73930411121229,61.957090262169054,134.61685267601507
1103,23.057767691005058,23.173323015912032,23.06065998109428,38.75510329687435,6.522652633999808,5.155467848110446,114.47918928541372,49.15713777522465,51.816768942426286,21.196000574500513,51.558723707490515,78.68477213347072,58.89948081565636,135.6497904298662
1104,24.833789195603753,27.135833850763728,28.847082439524108,28.473771701152813,3.2611174405372396,11.528810557941307,107.96651087923532,50.780241790816376,51.48110879655533,16.305092469457794,51.06670203813679,76.6994689917155,57.08829231172551,134.02409875740784
1105,23.057768381723694,24.238219685508387,23.17648722278005,39.970142514033455,9.783184844380756,6.521009590688868,114.47949849318027,55.36339144629992,52.63100096651343,21.258730984911825,53.779610331848374,78.27801575314129,53.902864056636965,138.34643435688255
1106,23.057860863093193,22.17679458767298,23.175829725924782,29.393233505321,4.891457267719324,4.891021310099169,113.19477824399034,50.963006950259384,50.622437733937865,16.304083499307804,49.048278233183844,75.01779573542868,53.90273388274326,134.68646069653124
1107,22.884397752388455,23.17305875300812,23.348457041163243,47.97960909477176,3.6457408765632455,4.891007112270559,110.00363796859124,52.580195223975416,50.6224315161669,16.304089313088205,50.22686831711912,76.63104162085637,53.9027332396008,133.06860248683998
1108,23.057762350259615,24.238802604431072,27.137403505325373,17.63637251385236,8.152048289079303,4.611958559465307,111.59838163991003,62.999823905927,52.6300544437341,17.93451360059656,53.40774546355453,80.15673725348171,55.65043642420853,136.1192699152039
1109,24.673462233029465,23.173066334487682,24.46105107116448,58.899014652768926,4.891420504799111,1.6300002910048774,108.4084615479877,51.197991452845116,51.171024888769644,16.304012003389133,52.58007486511439,78.5323285977719,56.5976685701271,132.2269637094547
1110,24.672455932893616,23.173156419997287,25.78402859470576,55.3381800013104,8.152164783656529,1.6310175626771402,108.0776949923213,51.48173861079714,51.79085433863306,23.057919727844,53.08326917422963,77.25195213029129,57.89736537379193,133.7844370697231
1111,26.34108767671257,25.77977785604076,28.848662828353536,52.19880163234311,4.891192434546937,6.722873965189602,108.0769865401545,51.197881469480855,52.504382878035955,16.386498551457564,52.80705284034289,76.1257244437445,66.20811174141338,133.69605687739013
1112,24.238021651390312,24.238082891055207,26.990572618945393,25.467920226435748,4.891508017576603,3.6457530445471087,104.27102933513143,57.34556767586946,48.39414558311578,24.940751562503063,48.28427046401272,74.51951974265033,60.677578784935385,130.5267590735636
1113,24.940315831937767,23.058046358171893,24.9444440878287,49.04801367922415,6.522042854156175,6.722863454734237,104.0035304442838,52.20120402239057,51.170969344599364,24.511260214459163,49.5876694384442,74.25145642040046,65.29847793222758,132.22696713592174
1114,24.83510053340492,26.741037016452502,26.99031984049518,26.29016837424547,9.782025633335646,4.891020002427268,97.67642952945778,74.80559699710011,51.790870922846274,24.51032861833405,52.80717456067153,77.4752955148792,65.40118374926887,130.43502040429854
1115,21.752284800768958,19.632805771512338,28.522214602301748,26.290157919024097,4.891425067018424,3.2610130991839266,93.73179024205425,79.62585027591417,53.10789282645199,14.674000043663114,53.40770829573982,78.87030869200616,63.60788969326971,132.1565490447082
1116,25.311764067516897,20.751584310539844,26.74359640384183,22.176889967495367,4.89121132727765,1.6317069861908704,95.69715438661741,84.78401358612561,54.1985764535019,18.229053703115692,52.80618763186724,79.95754753767629,55.45796441217796,138.82670466676237
1117,22.709603872866197,19.633463387093823,26.29154808350241,26.989020253312017,3.261680838095565,4.891003715889065,96.56892239943052,78.34689937046397,53.10887891475244,14.674002454890873,52.58000357253938,78.68455311195864,55.65058209804605,136.96571359822636
1118,24.073463147692777,24.23821753364385,24.073098615476074,25.520243830371264,9.782113334026736,6.5210158530431785,99.76331185467383,77.11593504280215,53.10789625643413,16.385355450027934,55.00115444029786,80.7031824197718,57.088304836664896,133.70594238526616
1119,26.341354115837778,23.173277731347014,26.543212519026877,27.717217603513358,8.1520860169408,3.2614505884565825,97.28085891259332,84.8469429353117,54.80807635082223,21.752068438645196,55.00213849855322,82.3160730002961,55.53085429967365,135.41442470291517
1120,23.344521674018868,16.786663656921977,28.84608143980213,28.474342749262927,4.89132180452781,1.630803453585068,89.37693393901084,85.54842430945465,53.63077372142999,18.228921510528153,56.030201379299854,81.66860861612966,57.27430504105679,138.6733887484311
1121,25.520247689268192,23.514146306650666,28.053087917044003,26.890017201243378,8.152010753432602,4.89100985211527,92.94903902229068,82.05902426790242,54.19764199734148,17.935146689153232,53.08327058709255,79.08883294274032,74.01935352128562,130.44519462670831
1122,24.238100464025823,21.874244704146946,30.32838000972434,27.717588400471207,8.152001648298151,4.891104844574959,93.39143431911788,83.02437425844447,51.789972786660336,24.510335629982908,51.48108492852214,73.6583386512174,66.92753796846046,130.52669531910155
1123,25.77986196037962,22.176652646042598,24.888591706599495,26.988092999414082,5.155591371571759,3.6464876245043425,92.30309538115418,79.40744443065809,53.23327330638539,21.25766185028267,52.19880406310726,72.64138786812316,68.96253195825419,127.17402253368583
1124,25.311016239901864,22.176394594378078,28.051572920131477,27.718086851366348,6.521211003079198,1.6313684679559959,92.80652795479818,78.80221004772689,47.39480786166989,21.75302485719631,47.057004885779,70.7884421153207,70.27947700954843,127.21581284748389
1125,24.238160437450052,25.46860286857139,27.719169825783514,26.988082100067817,8.152020499945015,5.1559551655153015,91.82648215847283,80.67047323910724,53.307824078503494,24.67251902454075,53.40793854876634,76.78611789875642,60.34801848894596,130.44522509878396
1126,21.195715188473464,25.363920545472524,27.71748645242252,26.988941699625908,4.891598152447178,4.891031954751434,95.90477410424755,83.83826316481748,52.630041223734274,16.304043393080597,51.816527876055744,78.3280159689903,60.34814609055161,135.48306919726193
1127,22.70964809762061,20.752182431673376,27.71868201466442,25.520246637220755,1.631099664938016,1.6310131843011242,96.98042640220893,81.08199045709736,54.66241484514212,18.009008781242812,52.80702032348444,76.64838979398262,55.45801490736058,138.67333252251552
1128,24.9416151153369,22.176411481005875,25.46902679790495,26.289659621979844,6.522159759044593,3.261511368830222,99.67046885700523,76.75307712983734,51.06670430202948,16.385414677081812,53.407712621478,80.3068636508404,57.06502070726856,135.57133520148415
1129,23.739536724114597,24.456775204262797,24.457203342573465,26.988970284869406,6.521182139008325,3.2602201381188882,96.52695939777834,79.94369231187972,54.19828219288631,19.633077736882303,53.779850741662514,78.41375418601211,55.435005723244046,135.67916326066646
1130,24.834123730577858,22.17703076860479,24.88810539807377,21.195769409834696,8.152029258367563,2.306666112579068,96.98042019463284,82.65597458860643,52.631003910433904,16.305063203471526,53.40770756582934,78.68447098453026,58.717696630461184,130.59796595884654
1131,24.833873035311438,22.176344093403884,28.05159821551435,25.778937558714457,8.152000107031451,5.155475177405146,94.87426146956435,79.95805299528058,49.507661017471186,16.386386447417262,51.81556834211468,75.4417600108885,61.97744149580651,132.07506295550007
1132,25.31080263810505,23.51425268361368,28.521842671609082,26.988917467406875,9.782050582866804,5.155527340418357,95.90477521395363,80.94991638783958,54.68627904428138,24.457071052278643,52.19880047243328,71.90566956127235,66.20811367409325,128.81432606124673
1133,26.340864122720106,25.779909755312175,26.29123004895793,24.8341225720459,5.1556214650496965,4.891008540127449,92.80652595789813,80.53765600875181,49.77482014130962,26.137939649348702,51.066707669981795,63.67057285299429,66.92757884518134,130.47575776392722
1134,23.344569558279,19.902031660011527,23.17379925952789,27.718059095391762,3.26100417471732,2.3075339759633815,93.88838825160462,82.49452277821692,47.39571364680359,21.75302336222431,45.91387182124034,67.16533109233491,68.49742098539849,128.89682845968406
1135,22.7086629625578,18.58998276162011,25.78117355674013,25.520411180584112,3.261337472733508,2.3061431833049513,93.5617003674234,84.1692141646729,50.33264891029634,24.511268862504906,50.622193298148176,74.01836606697616,66.92749359018731,128.8153674818809
1136,23.739583817761616,14.583692329046482,21.195396376090322,22.709961159477526,8.152058600629703,3.2620448330972027,92.80557638520472,84.16939734492625,51.17017853562858,24.456012259016592,49.04829105022727,70.12794686222814,65.5432403303377,128.80500047647305
1137,23.344909887063952,22.17559077698274,25.779702442220373,25.520251467099815,4.892143689122894,4.891147367338689,92.94900016147014,83.08818697204214,54.808472446965254,22.885205233645614,53.630774926855544,71.75756581982239,63.66959939200826,129.06271329226516
1138,23.057980599573803,20.88014495459741,23.173733941705972,26.988026685649217,4.892013738823361,3.261689487342992,93.88778994232734,82.2534665033801,52.09763713502009,21.195008004159842,52.631010395254734,73.38812696877096,61.97846418219283,130.8012878284145
1139,26.34014331082682,25.77988576149292,26.291074551022255,21.874584646743266,9.783007383027027,1.6300131040258496,88.7350266761777,83.13668308624979,52.631077247307964,22.826088880108262,49.04897832870324,73.44150968800349,58.69500156727222,129.4627052174202
1140,25.778946786601576,24.072549563255013,27.718024223762637,24.83559321462848,8.152069046365144,3.2610168817485117,87.20980220356066,88.58648764923304,52.63004429049093,19.632844679816547,52.63004194215786,76.63100913391526,58.71867897572645,133.0677846301346
1141,25.77914074216518,21.25842950644815,24.889283439756202,27.33108274985615,1.6306333328645608,4.891249286421991,90.26518957602387,84.92348492533327,54.19827245114089,22.884210383481488,52.631002592491186,76.63100878719538,57.08827493871372,134.89261766916695
1142,24.07336728561425,19.70074912781554,29.03020612347236,26.54174452889864,9.783051657395326,1.631161092527623,88.25520771950927,88.78076610696812,53.77960942351154,22.884135610584046,54.66212751114914,78.3289714346058,65.23839998468395,131.89419415307196
1143,23.344273828258306,21.195672544400185,28.050896371367244,26.541739097399077,6.522235450024909,3.2610274861339006,90.26483206543269,82.83267653639899,55.769147100338955,24.45701117521114,55.77011533812346,78.32892440048055,55.45799967139858,132.42680282522394
1144,24.23850620264219,20.429872121671355,24.457863686587277,25.78049697395489,6.521179680953531,3.261059612997559,87.14808043561537,85.17510776078,53.77984994140903,18.009227495714534,52.20003330884601,78.2610197339833,61.97744217726138,131.08550410007055
1145,23.34423883068404,20.881040073213804,28.051955162872297,29.165981170666768,4.891173288034701,2.306691736250995,91.37678766877846,80.95170134796328,54.19827131436582,17.934175844424043,53.407712368587596,76.70042560304631,60.32603574695533,130.93337994409424
1146,20.623860849400824,19.902505784246603,29.029788145036886,29.975792020164583,6.522243790112659,3.261008099319006,88.70562942928234,84.92521311204867,54.66212390309135,21.44442906413841,56.59766700723279,81.53832095198484,58.71862924687903,137.30494821391062
1147,23.344447697763975,18.590122807776194,28.846483505667894,27.717619367569085,4.892000001946496,1.631760288043588,93.3914252527478,80.70421930228167,55.721792332074905,21.196128056676816,55.002147255646975,80.04063730043406,57.43650485936811,135.67917192981864
1148,21.196365174412474,19.63278281834392,29.393449523103374,29.392976040990533,4.891352331335803,3.261083617849925,93.39144889633441,88.06119790946921,56.220138106753964,22.82603513013616,53.77962623081006,79.90874169402348,55.458001401984326,132.70782376136773
1149,21.19539297182385,20.87981887737678,28.521692678385094,27.861476374741535,6.522284063147252,3.2610869005975274,92.80532060854189,80.6721761643706,54.198317145117365,21.196006717436802,55.36357533381702,78.27811455468812,57.06500890785197,130.93357365181623
1150,21.753509391362186,18.230071281706515,28.84622466901394,25.779967426865078,4.891171340650437,4.89120899126429,91.3767734721006,80.49014891993336,54.19829057497649,17.934207717428023,54.19827086522789,78.26102849334103,60.32603204548102,131.45021067309827
1151,21.875520804221726,21.935803997756818,28.05491542394838,29.97621147457247,5.15580785603965,0.03727099999999994,93.39143224435675,76.78758136812755,55.170250829096446,22.884356866755642,52.6310088002443,79.89102734067849,55.434000129833976,132.70770962356232
1152,23.058193404434892,25.363941432422745,31.15418325443962,16.627877429871756,6.521175445211178,5.878525785611542,97.28086890133135,66.20851621880834,54.1982788094958,17.934582768696902,53.77986652467652,78.27797279805013,58.78651725870379,138.12535175637575
1153,21.875095405744084,28.050792901979992,29.032180290695106,26.54175494499932,4.891316583753314,6.522045112582701,105.2237078328863,50.56960533871149,54.66211663582098,23.057809058951168,52.630052571729166,78.26101347716522,52.275810853273455,131.45006630149663
1154,23.057762200264154,20.879811276739062,21.261458416045343,29.348000000037704,6.521472909036439,4.892000097760011,105.58852279637972,53.82892226469687,54.19828145834018,21.19525323804556,52.19976805504356,78.32891078316534,53.82969858349679,132.87772782105353
1155,24.23806840761083,28.050886076324954,29.030677528998826,26.29003139285623,9.917866583440219,5.155466303953909,105.87812457170367,48.94049757535778,52.19977706395137,16.304165915216792,52.63004287007494,76.63000065118165,52.19949083724432,132.87861344324799
1156,21.44568722713648,25.778953704352134,28.84715232808891,34.277877053425165,3.261047370236924,6.521102800252074,108.40950951800497,47.39441486947622,56.22098851458429,22.826354865658292,54.198295593079536,78.26100129770573,53.902742052732826,129.83295257037852
1157,19.08400967958465,28.05080295972349,24.077848978652632,28.47439491862349,6.522303344158097,6.722845665689208,103.76091775219713,54.418734517149005,54.66241723531087,18.008990574907415,51.560002665796084,78.26100524633154,52.57906999788572,131.25785101404009
1158,19.70074659271407,28.051393399053907,26.294277871699204,25.310478310285283,6.522251554646515,6.522018033060695,105.87814426065566,50.963553218783346,52.63103084771526,16.38627248906121,52.6300454699472,76.63000022743843,52.19850694386024,131.25782548229154
1159,23.739479239322186,25.779778945219878,25.781427881494167,26.290052857622868,3.2610330242081504,9.91708410168835,107.1756415874727,47.282424571283705,54.66213189305377,22.826027275291903,53.77984949794481,78.26100771807786,52.19949244956735,131.45016503840174
1160,20.16805257895404,27.13532409531499,30.06654914786358,40.33440679416441,9.918087674995592,9.91786356733754,105.87813531164599,48.913388631031296,54.66212054879718,16.386430996856035,53.108840807624816,78.27797296397675,54.19785147933899,131.08550291912533
1161,22.17576526290106,25.467820124792144,24.077540546878897,19.90169453273057,3.2611781496215686,1.6304851949882848,103.28536813298366,58.78789397530383,55.17056148313872,22.82601359540404,52.20001793254855,78.2610000087457,53.90273225604948,134.49789324429773
1162,23.34413498760926,23.514068255495523,26.546073103512086,27.71710480567053,3.2611801305932424,9.917862955988813,101.68962616953552,53.830190848472824,54.1985772309525,22.884213829906873,52.19904967998223,76.69936431222291,54.19789944146468,135.8064346639087
1163,24.23839528850973,23.172291467292048,24.888315121237593,27.861066826527384,3.2610209315268364,1.6316035216547227,98.50355697045833,66.0702940082048,52.097469362064075,22.88412657616213,53.40792360660851,76.64835830919775,53.828715264236436,132.55724965236098
1164,23.05778693833815,21.935074751730482,23.520057334111083,18.44632576449846,3.2610023309101077,0.05305500000000002,96.56799030403727,65.23952510037064,52.681210616886986,19.565003716316564,50.22686705483585,73.38712658658822,54.41808895995227,135.80646146807763
1165,20.167101882431812,20.75220204710269,23.51497680488002,25.520257903367956,4.891191398105393,1.630026092959553,95.69673931737503,70.03366436795046,51.55872586564983,16.305117087934825,49.88156465877358,71.81309869210094,56.29064590339053,130.475811753704
1166,23.344341199081576,20.752176369047127,26.29062249229564,27.71830107227402,3.261005483037426,2.306256954052622,95.32126020278501,74.25250397493758,53.30808569717586,24.457000185594485,52.200024758453914,70.12796919907713,53.406735777623595,130.68949795477505
1167,23.344429564498732,20.75232021399212,24.074580848936083,27.717378313292485,1.631119827738322,3.2614454172958016,92.53352171408906,77.73430179264201,54.68617289755767,26.087022541456037,52.6808409180834,68.49842372088536,51.19619560581529,129.06171235418515
1168,21.195400821029562,21.935350602386027,23.515134102039,26.290285189726575,8.152081278937839,5.155781788524811,92.74846074105591,76.12744154317171,51.815280312161626,24.45705121232939,50.6224051747869,70.58040159085961,52.80703389864479,128.84525636937448
1169,23.057798573352517,19.632786891830442,26.291241413667382,26.988534805219928,1.6300018008974668,1.6300582553887408,93.73300107370058,74.35989510553811,48.85905229733373,27.764891867337425,46.40326238574618,66.92749822882038,46.37416816729083,130.59799386479227
1170,23.739530650472126,18.590311617386316,22.177487030135136,25.52076915783501,8.152095599930163,3.2601299208812127,91.78354663441391,76.75290465458727,51.04049201823236,26.087000959126662,47.95238663600058,67.16540530183968,53.08210356776779,130.47573519036484
1171,24.2381070347085,20.752173353516543,26.291264018999197,26.341124439658987,3.645769228233754,1.6310426342830813,90.55947010227644,79.08893509358613,50.33274426434214,29.348027091699418,52.63004106661615,71.75751544151075,44.05220518998663,128.9690578220052
1172,20.623928655658215,18.58985904190307,26.740916544574155,25.77893517528208,4.8911339477879965,1.6300035899472691,87.9376323274142,78.022935426396,47.534911283929475,26.137875663225643,46.40334381831078,68.65245747158095,49.15694409625925,128.89785979305023
1173,21.752071190196933,18.589939542834593,26.29002126061009,26.988057861453036,5.15557718251803,2.305264224465597,91.78352940755556,79.94173109580262,52.09750376165933,26.08701977533343,50.622148209726575,70.18492798264977,46.374198409502725,127.21480529066106
1174,23.344125395187234,19.902929491234612,23.173493733363888,25.520472820626182,6.522152364485334,3.6450736711484897,90.9547818056215,82.65534469284867,54.686201642448836,26.08700058952956,51.559039890092315,70.18480705537357,51.19620273109263,125.58534572640872
1175,26.340851062662576,18.446343904021976,23.17428345779215,25.779070596957034,6.521160533451787,3.26110573887459,89.80730201235079,79.95886566617281,48.94060957961736,27.76495157657525,52.68121904438054,68.55661138050975,49.021659494495296,130.59798500725668
1176,21.8748688494815,19.901699564142813,25.780142714162047,25.311684298571368,4.891123609307906,1.6310032460164183,88.25457986551953,79.0885867154952,49.04957366901733,26.13787422669635,47.47971038896618,70.2794006374613,49.156955873530336,128.81533488140656
1177,24.23804408681991,18.590446197980285,20.880291420065102,24.073454713403308,8.313623931509149,5.155628155070983,90.95383570922782,81.99368141159417,53.232458387130364,26.13790776851935,53.10759112005604,73.8204964577297,52.806061315877315,125.55358139795496
1178,25.52024701917474,17.33216253065645,19.901763610017802,24.833824540010006,4.891134073630081,8.313655742645597,85.81098970856932,81.52196515914109,51.041925294918464,29.393350601113756,53.108533811953485,71.81308361244747,44.14164179425692,128.81433561769015
1179,24.83412254450721,17.331378510909136,22.17621645688399,23.34458372673203,3.2610428892648984,8.152730396645216,82.65496236503326,83.55174123546215,53.97740761355755,30.978064177498933,52.63004058472611,75.07090394938791,44.29301298926056,125.58534779437258
1180,23.344359601803802,15.468050164719562,16.787001069187422,18.590277598869807,9.91802958219067,6.522452883181364,78.39665252929525,93.39147780800333,56.87907023682027,29.392234967621004,54.66241782983623,70.78830070573025,49.8817750727748,124.18097422760046
1181,23.344269294816247,14.583636633797473,17.635685059866987,23.344125472502025,6.521133309464636,9.918074332006578,76.83870553681645,96.98016898384047,56.87907322262427,34.277777870842364,54.66117908347095,70.58144185640883,44.77049077031671,124.00956892025523
1182,23.05776746532104,15.468126543728683,19.014823258931454,21.258666326522327,8.31348216833895,8.152334972607774,71.68360454184287,102.13352882185997,54.00198027471298,27.90806206618367,53.631709369959104,70.58148516009794,49.15705454193409,121.3549920112538
1183,17.02196379181232,18.589950005591295,25.520595618676346,25.311808516744257,8.152278111438777,2.3072637389256303,55.722303772073175,119.83450689443947,51.171046336044,22.884217147834658,50.22690370779962,70.78819211659872,50.5440093210304,123.59128317783977
1184,23.34449314523492,14.76483275518182,25.779131868684917,24.83373024975865,6.72289260953947,2.306891038952876,48.940438470333255,127.90380824340163,46.689560702831436,22.884135219968492,43.90049589571121,67.81533574895315,50.54300255089085,124.39520216128929
1185,21.445273475920995,18.009175734470585,27.1358340093142,21.195449373184722,9.78200334119881,3.646204415419505,45.33027734974532,141.8104703146533,48.14603538528839,26.13798917611933,43.90148064665979,64.33512721473052,50.54304086635981,128.2246134011771
1186,23.74005535425463,18.59005729092734,28.051594345559188,20.62345981041319,9.782000028445903,1.6306183733200683,38.06351022474815,153.23484533336804,47.53529405859569,26.137943609783598,45.095764162912296,64.6031529579238,48.94021462845455,124.98076856182833
1187,23.740066392103426,22.88423568479238,27.135839218269957,23.34433581106214,11.528980192768202,3.2614301802890333,35.75862147122912,153.8147625866548,50.22713298566335,29.393464236799378,43.900517675814726,61.720147286585465,47.395531457362004,124.30877421278893
1188,24.511474352393346,19.701346844551765,29.029378332234838,24.834149924995522,4.891000016685303,6.7237365074893365,30.063923160596367,158.042517361817,49.29189830842016,26.88992553375715,47.73069512740834,61.3961352282742,52.19945913009686,125.80788946126259
1189,26.13880204705687,17.022069832777024,24.238111323040478,26.290232705316377,5.156727878599792,8.152279103524652,34.587599709380505,154.7630501159424,49.774789742422456,26.54160326766138,44.502683381207184,64.33517312235084,52.17403085931275,122.74997123107848
1190,23.7397231703784,21.444414274364675,25.77896773908684,24.673682731454825,8.152394900768837,1.6300430302099345,36.892744983437325,152.12012495134425,52.02054215961332,29.753020654743672,48.640069047605664,64.60321607511705,48.91306171930151,121.83691946877187
1191,20.624924327035338,19.835889680555564,28.05138318734994,25.310872588681114,9.782054679250605,6.521755997536338,35.759036520033646,152.12013611249785,49.58705504775353,27.90916865322623,47.057010240970044,64.10752350905081,48.94019986291939,121.00372346707155
1192,23.345154026137823,15.467654512067746,26.741797656821962,26.339910423790652,8.314400570057277,3.646073604549988,41.75992163010964,144.36432894086101,46.14383204416433,22.88418032636431,41.27949115694679,59.25945997271177,55.435033844109235,123.44006675343508
1193,21.87463099862124,14.674008939032591,25.778951082913117,25.52027561367313,3.6467396539835506,3.2611367982499275,43.90129983909931,136.17834092694002,48.939740524973935,22.88539416961938,42.517274160766476,64.33517825206691,52.17302936764789,125.03372280872873
1194,24.83429694018742,18.009065069969655,29.166069990422496,24.941271028233697,3.261224343019682,6.521087363317903,57.344729149571975,117.84395184957128,52.68095431062438,21.444591323582166,49.34595150068783,72.64118753441457,55.53083280370941,130.28254254084666
1195,20.623426441035072,18.228953931800927,24.833806386367794,24.67260057366555,9.916918928055459,4.8923637271094185,79.62491763257566,94.9577888738485,53.976922726893456,26.08700634945304,53.77960697072314,77.47527654846174,50.6491104055096,130.9333639531942
1196,24.238040028785843,18.44558762108766,24.88755921702311,26.340702239574444,3.2610781600697885,1.6311584333706193,91.78352708385822,83.58290955414971,58.44656724579661,32.60907082554323,55.36332618700896,77.06349643744126,48.28362528848061,128.96996908851293
1197,21.2577405982013,23.173055997874364,22.70870485745322,20.167334943199847,4.891058452292734,3.2610035547703955,102.1465026616707,73.27883553694896,53.23370132392752,28.14533274679562,55.770117933032736,77.47629419943331,47.73087553341753,130.68949720358597
1198,23.057821574096945,23.173123535337798,22.6517643001308,24.83414829184604,8.152336152111536,4.891538347483298,105.87791798841985,70.24207988797612,54.001102826209774,33.61252815282,55.76913813936617,76.90704521840375,44.291878332536676,130.68956109804623
1199,25.311715574881877,23.514026075307516,24.07345158629678,21.874559064950684,3.2612652163357025,3.261015381787727,105.87808759087372,66.60885088805156,52.09749559450406,19.565000911748736,53.08310282741376,71.81308637844202,53.40772604980678,128.81433715895196
1200,23.057778865932118,23.514577144597492,22.175829520257448,23.739591747409836,6.723176761808478,1.631108254918751,111.27636633584767,64.9117612703853,54.1980372529988,21.196092122135692,52.807020242438995,73.53186860673505,52.806266532301485,130.44523648789266
1201,22.884285646371612,23.173066690390407,25.520503366689535,24.88821313334938,4.891794925610148,2.3063712671486956,105.61404597731477,70.03314469456848,56.87907507448804,30.063772720827238,56.59767430283693,79.08886612124698,46.374372233298566,130.80128754736154
1202,23.057764748569728,23.514575608375292,22.710248132406107,21.257805800241194,8.152046654454372,4.612187935533057,92.01467251108944,80.29016803366015,56.1015757332467,32.97401414753162,55.363342699289944,76.12568493179673,48.28346868097539,130.2826022967377
1203,21.4444264118675,19.901708115128418,22.709194846231306,24.673856821915052,3.2610302799588946,3.6466841253951707,79.08886421712414,94.874052452446,51.55872606709141,26.88973194990607,51.81652850902969,69.7102598535245,52.402894948592504,128.67020523481298
1204,18.590447290284345,15.382000178963184,23.515842558969187,31.021172166332235,6.723113773633822,9.782005419555212,66.20928803273449,110.88176606919852,56.220717712395725,27.908262914098295,52.402843171164236,76.75190257706764,54.41905650700061,129.8220643286016
1205,21.258615908946897,18.228464814044237,23.51471580220535,23.73963790851093,3.261168531020155,6.521841560006207,65.40065506157269,111.88501429292567,57.898026939795,26.54161870299798,53.083083953094004,76.42207087153636,52.58007361596426,128.9284688507643
1206,24.83411736638058,17.635908125778563,24.888406029581862,29.39364882386686,5.87947056771619,9.783067423617204,67.55913887679219,109.91886112120994,54.78397394212007,28.14624417943898,53.083270558811854,75.15871004459859,50.56934438869858,132.10499634458037
1207,24.8340281291136,18.590092974365977,29.16638597381916,27.861066571985372,4.611913885930758,5.157140281580873,77.47526335656589,98.09834020640467,60.348541537715775,38.37594235759879,61.396122116174666,77.93766571393466,49.346081760543505,126.30332499939186
1208,23.73951827809,24.238948838034176,21.87457543273689,24.073073309978504,3.645957019113794,4.891016222055412,100.30776954278518,74.37785305561123,56.10298951634861,39.970156947458236,60.325823095694204,78.02235020592006,50.22697270393309,123.16031214661858
1209,22.884285253857172,27.765904188029115,22.651027643356496,28.474341813387497,8.313706022624586,6.521000005466124,120.61939371668646,57.89855664152186,59.70588567743338,43.167844034762915,66.02706607194536,72.91523375509875,49.587666570671615,120.69606628968643
1210,21.258766156964974,24.23808669680118,18.00901576563928,24.07337753104872,9.782040380383203,6.521234475925566,132.70792306565212,51.995424329208106,55.38691369163556,46.68859364640724,64.50037584353134,76.42205701075792,47.057008551290075,122.45579965400182
1211,22.826012694058665,28.051395239254624,18.229831292884313,31.021871400922016,6.521266123951349,3.261089682027337,138.846166965856,33.92763613691256,54.19857583122168,38.06296037227168,60.50148781867282,72.91603013056869,53.630433126857504,120.65212163867234
1212,19.6341506586002,31.14965983511858,25.779904322578165,39.26682822930142,8.313705422792854,3.2610005681730807,137.23758049105604,37.53715041890627,49.907874873639095,35.609497093084684,56.94897397386633,73.94670985297523,52.631005321332154,130.44534228966745
1213,21.19601213929695,29.028588418999707,19.56529397735991,32.60903488319376,8.313550639039846,9.918031615352783,143.6728856305377,29.16777032596466,54.001989091087495,28.14523602332233,53.77960730591632,70.7872782769574,53.407708036994215,138.74043474048653
1214,22.826042322968174,29.393014730826632,26.340326807015934,38.06311463685784,5.156696371221009,13.145130728761293,144.80589694199895,29.394657263001307,51.79096228210721,24.238016157513247,53.407716984825,76.90804021246578,49.15694220342552,135.80642273434077
1215,19.565001796357084,27.71759030235545,26.29025335868189,37.251085608559045,9.917870788480517,19.01339285132318,146.64888102787856,29.168240229469028,52.57982611988021,24.94038644548495,53.40770451828026,71.03188547759747,52.199768064908326,138.62536704197552
1216,24.456007794111105,27.71759038921776,20.75243729741703,44.76994865519718,3.6465117322286837,5.156413534815104,147.64212722502006,28.47716244721035,52.5043661202369,26.137874225332926,53.779853711813736,71.81310305894053,45.477408454647936,135.6791971317609
1217,21.19500735729053,29.166412142035572,8.313464109024334,18.58986549024116,4.8913155833419335,2.3052965856867984,149.45012058430927,28.476494260617137,47.5352936727748,24.67247485603342,53.779616050719106,73.82160344114355,52.19978183633299,132.4268794967322
1218,18.008933003834546,27.716793672025,3.6459368590561385,17.634758701336064,8.313708200562438,4.61177754730823,152.88805336875708,23.516580992316175,49.77478914255432,26.28891405271995,53.08329680603784,72.64139491507267,53.631720445262175,130.4757738087945
1219,22.884130773668623,26.98897088667134,9.918432333822123,29.029138025506786,1.6313168763621901,3.6462660868654986,156.3345677757392,24.45836616404298,49.291905674669145,28.14529433488392,55.36259352212189,76.12569256392062,51.17101523197686,127.26810260190084
1220,19.56604625344464,28.47436800920404,16.62692822691337,34.8927983369589,5.15546651841515,4.891049294137321,160.03172592348275,26.989931295107016,47.618306073118845,38.16783038352698,55.769164761155054,66.20811040923175,53.63083324646795,130.47586349390824
1221,22.82601436901638,29.16592928000627,5.879387810656859,25.52027865758387,5.156117055391542,3.2610909472176313,166.48009743226532,26.340595764430436,46.17302992876502,31.489072801373908,50.226876070021966,61.721112612641065,60.58897893299633,130.44525671680432
1222,21.195100539277675,27.717633371200495,5.155616490782181,27.861152674091297,5.155926178890523,6.722714954117932,165.11678745361397,25.313452100225977,50.779568868570855,37.179262171011494,55.36259176506217,64.60314109466096,53.631718807476474,125.54316194086127
1223,19.565022282194924,27.331358271264907,20.75177458400515,59.70588608255451,2.3052201164368165,3.646026004256658,157.95051326754248,23.345565727446928,47.95195411637114,27.90917535487709,48.639947335170035,68.10859772600823,53.77864433536072,120.69608706781098
1224,19.63300719052038,26.988007820532452,18.589884198203062,29.97511474341292,7.291572897137939,6.522196361050462,155.92678771659632,21.87626790598073,48.85918405353184,25.31076185759923,52.19889031499889,69.1742237694558,53.40774732476103,125.92370100346469
1225,21.25810780528652,23.17341821308064,25.36322345697382,14.58446085433579,1.6310176788852084,3.646052858027263,157.06451674479646,20.43196057764916,48.14673343318545,21.195573243374188,50.9620816514748,67.81449386995544,51.81653725748781,130.68954955797744
1226,23.345135369888983,21.935595693710244,26.740469875345397,20.881244620675897,5.155786041257516,8.780117129025538,159.16571213891723,22.886429050106024,46.716261699700745,18.009143780739382,44.50153578325736,74.25246013687693,53.779609573058096,125.71235927741026
1227,23.058415339977596,21.935365887119534,26.540920618323977,14.583837010698675,3.645921966666974,5.878482885807929,158.45529921991636,21.198209189405027,46.716287433976646,16.38538307276495,44.50151894829128,71.03194907154842,53.77961140894284,127.26804924867297
1228,24.23875555641416,25.468436088097494,25.46855620933991,19.902166985471762,4.611763708238187,3.645693640601713,155.31191011708088,23.060983488390995,44.50225433875313,19.632817171895915,43.50528725282287,64.9112998328663,53.77985866262207,125.63839119736801
1229,16.05833856362726,98.69167351039448,17.63613845591304,9.50719560246278,1.631432610357387,3.6456852624183824,15.476923279302447,118.30458433118548,43.04442047115514,13.043625228421668,42.79762015813299,57.89784858897701,54.687675846137246,129.50467782123746
1230,25.78063602135404,25.36537326003714,28.474341804079025,17.63538621229967,6.917648354055593,16.304233736003834,155.3119065104579,23.34866897301989,44.5314747096344,21.444629234687824,47.47907932088736,63.774721611043404,48.284501640155966,124.59762691671479
1231,13.145770823789551,1.6300000147340012,93.291850293789,24.07336671563669,1.6301398088671282,2.3051681070034276,253.09628514995072,224.7934109960911,52.6297613446925,63.67002991729413,41.56775622220171,71.75786818693152,61.39620074105631,129.50426525089912
1232,23.74269720814053,25.364401317516542,26.290287590877682,56.879060390712475,6.917321552419071,0.01560475,148.59454731256452,12.417316175258396,41.663605563129025,18.00918380671037,44.86017945211132,57.89855128827079,52.19936230994483,123.8378845272472
1233,29.39409385107353,34.66429588089736,32.60788289548442,22.176906887005888,10.439395190416695,8.780047294271839,150.43356324509574,25.31454352760478,45.942235512310624,26.29009995601052,48.640930757446675,67.56027491230728,50.22686796413534,133.9433687185762
1234,26.890615480807476,32.6098555158594,21.196327691961123,35.19614397664094,5.156827999770335,9.918070875607272,147.83100532763976,30.33107954187241,45.3010797670258,26.290079488026816,47.05700729783969,67.56014125609741,51.81654508423272,133.85501701014277
1235,19.834953044547614,29.029147461137832,16.786395854161167,31.362731149267933,7.2913867662630425,7.292012742416881,146.6488769850524,34.89481361660274,46.14467650399745,23.34425407860633,51.19619690074961,67.81528071496932,51.815552138345495,132.15565755276018
1236,24.940978328470283,30.328057642287554,16.38531148810496,34.394333109565046,4.611755932383667,6.522002830248994,143.42289053456676,34.895225671088205,50.35954434502355,26.541548269159115,52.200023587063725,67.16440767683895,49.04924082193252,135.41445602192942
1237,24.23873691693531,26.741301329308982,16.058220695304982,35.75858051815036,5.155478826394419,10.311285801802239,145.84906307981277,38.06526194208471,52.57934157926523,27.76590687444748,50.622454924544996,67.1653565676445,51.81555483425575,136.96680972743673
1238,26.13878992874887,22.177320639021445,26.740925445306477,87.49828633703017,3.6461465801584985,2.307960484921314,145.69319071358188,23.05841500131955,45.68130437497843,26.889760365981868,45.91393212893966,64.91142160158817,51.81676483199281,130.59803991621627
1239,26.890792546232127,19.901761057102597,29.931999461935657,43.41515883594053,2.306796637143379,4.891113938381087,147.18221479865798,24.834537661468904,47.029430214877614,27.76490975656163,45.91388131937763,62.998569740597425,52.631006706116516,123.92377366536257
1240,23.345221692229963,23.059095733054303,26.542574643955664,15.383502928991843,5.1554953859943105,6.722636718264985,150.3186888700532,23.34550946382411,44.50240326464505,26.889968564928616,50.62229199713936,64.60329380805729,52.630732879946095,128.84535409604814
1241,16.628228284949607,24.88825736735481,11.529214791068625,33.611808282209424,3.2610009293841293,3.2613604655333877,145.43834435861604,22.177113266847922,45.3010288074221,26.889985291139915,52.19982921704306,65.94678783333366,51.06642294786837,128.8453560433649
1242,17.93515604292935,25.780462178889675,25.3637438275451,47.95276294571402,3.6462428178453354,9.917055564078941,145.55717563886734,24.07499961279387,47.535293550637,28.14540652134196,51.06671286498872,70.41072331254932,50.22689152538956,127.26814703778416
1243,19.565029028657456,29.974809749194662,16.140791218973213,20.168080344980744,6.722859464496081,6.72165684554643,135.80652176523674,34.0448451681566,52.02053585185159,29.752931156177752,53.10853458476434,69.17330611720426,50.22691358849317,135.32614839478177
1244,22.826071331138568,26.340699640791915,11.758177678502026,23.05777802635773,3.646307494860478,3.645686384476286,136.3047765895499,27.767041466813087,50.35865206025704,31.021855782477676,54.80846713348438,66.92752482956527,45.91291484811983,132.15563399400597
1245,21.19600657725896,26.28998077749402,13.445851940334926,23.516492068179716,6.522029285968048,8.313583229918594,138.74033333877037,31.659217748860687,47.028596123176115,32.0331071357977,58.92148320074313,72.64118040120213,50.015025927947434,120.66313937391956
1246,23.058004873268615,27.717426666487167,13.145730725244015,19.01452286941998,6.72195248129617,3.6457312626173013,134.4988733887472,34.587439560294534,47.02942431303233,39.19830006276304,55.72214389836338,69.42258539659917,52.19993201657978,115.76122918967549
1247,19.70077020994907,26.29000633290617,13.044082025772532,19.901926489493615,7.291572991216965,3.2620136617164537,131.25782418431467,35.759090169926864,47.029426200556614,35.60899902877925,54.197645838528075,66.20811053051014,47.952412445494765,115.76108632700301
1248,23.344632885088743,22.65109849460387,11.413098612258471,23.514223734352985,3.261013249837565,8.152530306364753,122.97664663222737,43.41335265467565,45.213367832596056,26.137874288885534,49.50773565684969,65.23839844312313,53.77988138678209,115.7610344044317
1249,21.445406636074196,23.514057590834675,12.416894392688686,17.636272280550692,8.1520024428799,3.261023830960019,127.05838854247298,48.39420719622513,45.94273242683788,24.940292214837427,51.55877473035202,68.96251591542372,52.80702127490518,122.37980843710292
1250,24.51056024000133,22.65089384465606,13.044148771207746,22.650644977993213,4.892210801082161,8.152160789778481,123.36512620458062,44.50197950530705,53.30810455174795,24.51027578254392,55.17056615420589,68.78790099188765,48.28446985562726,119.06581810051146
1251,19.834946727440446,21.258443566167603,15.031004081884745,21.195594459883797,3.2610188233740933,8.314014909852407,125.20421708857627,45.94243129674536,45.41925755178766,22.884297695441887,47.95334481042013,71.75752647351534,46.688281076335784,117.57311019849375
1252,21.196317888166913,22.65178759305403,13.043029743929273,20.879297534873995,8.313597827648096,3.261053198757904,117.98998503324457,54.00143231443343,49.0484772183809,24.51126023158537,47.47895579492167,67.16547034675091,51.815582547991944,119.06671593131877
1253,19.084490000245626,24.238613212046914,13.043002207227605,21.25853631989748,5.155810621068638,8.152245516810682,124.17008595878688,52.58102174822431,52.09751533318227,21.25858582728926,53.108538229151016,71.73901871728991,47.72969733849502,125.80847946824863
1254,20.167426542702007,22.176796548826584,13.146934790923819,26.3420018018246,8.313367422916466,9.917951196755572,123.44007915625393,42.394349803415146,54.1982946833013,22.826129182847144,55.77010245085165,78.26116822268426,47.39532036890904,129.83184009889234
1255,24.238067310995753,22.176055813685252,13.146223519475091,21.876221597700933,3.646576095550601,2.305741265290616,126.62929194063642,47.03000640101138,54.19738079405093,26.138011223678227,55.72177273237346,78.32905579884387,51.1961910431296,124.59785324539143
1256,20.429683462887088,23.17306863695536,16.058556673550996,22.70917519114858,3.2613443113724063,6.521088146684988,121.4105529657127,52.504481653139315,57.250853628151376,31.150363722468427,59.10174245637205,78.27812150965372,46.11565062575971,126.21884303667024
1257,19.08407285365369,19.63348366844083,16.78645245078307,17.022262087403153,1.6310018976518414,4.892018613519823,118.26048655346023,57.25408789306064,55.362766514837325,26.0870357844213,59.10224363044862,82.31727617732193,50.570314643557566,132.41754166326308
1258,21.87545317934381,19.902502658484973,17.560322568153676,24.0733669577549,8.31337400407318,6.721946822580827,110.41302259757731,63.420717340814306,55.362505418871294,24.456086007773216,58.26413926364527,84.84520338069255,55.43500727226451,131.89435699341948
1259,21.875455055976328,20.879963951178684,13.931296179714598,21.874626143111136,8.152000282202202,4.891057357460515,108.39654470293387,67.02746457998151,55.77024650038152,22.82602376481376,57.78291670550387,83.29636987225872,53.828733026225365,136.11942870747146
1260,20.624708283605514,19.633459449930797,17.635591618270205,23.344407277633525,8.152054029654108,6.522095751081924,106.82805817702605,70.12802212586061,64.50069735430161,30.978012166325797,65.48148078075081,91.43625166672238,47.311122148551405,135.57133453396648
1261,24.073382831599247,16.304218838977935,19.013586492117284,24.072493824375705,3.2614961491268324,4.891723591764481,104.81829466749522,68.80820398848726,64.06657631520264,30.97801674445415,69.36565580207372,94.79080385150624,49.15705914384954,140.68175794229313
1262,21.753219597491256,16.30422086805247,19.90169195670045,22.175550306667063,3.261719454216772,6.522461229042042,101.67700874089017,73.5688596350999,65.64395819151004,32.649719317279335,65.72487426083728,89.91094397790737,50.56930954342976,135.80646034065367
1263,19.902505037919234,17.332271105771444,18.589902127779002,19.014792114237842,3.645835497880256,1.6313564743500752,105.26111744716704,70.78938789778879,66.60943749813269,35.86914482561633,68.73018679397657,91.82682395623988,45.76832471561859,134.3299458106099
1264,22.17703468053136,20.880588458334522,18.589922052238506,23.343443599551602,8.152031641276226,6.521332866854842,105.2610439510312,71.21893165974537,67.55985708863007,35.90602776473591,67.22501737738548,91.36356764012785,50.78018929987448,135.67910652182232
1265,23.057772335445282,20.87986289853539,19.699880323039746,22.176688572294356,8.152209784975836,4.891868819709824,105.72738599700509,67.02755720058595,59.81705988251264,34.278824885469604,60.59030212386723,81.53846687648775,49.02161075246998,129.83179968608954
1266,25.52027613187673,18.58986094694746,19.700097894811528,19.90261651924029,6.5213279846375,3.6465043919305478,108.3965471859499,64.50239180890073,58.92245283580573,31.02096899796808,62.40556608861437,84.84575486340051,51.481883131499146,128.4325109243412
1267,20.624155856088933,22.17623576564159,17.022135975618557,23.34387102611527,6.522038038498771,6.721897368914876,109.82178284399137,68.73145730550628,61.46190079927443,34.23924956552036,65.0948987342597,89.68885006643455,51.815554987135144,132.31738189832402
1268,22.708658644395523,18.58988035662421,17.636201408317223,22.17622705605839,3.6460145095712075,3.2610250621890025,109.324532483213,67.22494821053522,63.58615535385064,33.25405718100817,66.6091959553144,88.10334491130315,47.53544713618546,130.9334005956199
1269,22.175770290044138,18.58987953944411,17.635593150615293,19.014247417661295,3.26168034783542,1.6313026518963023,106.21642292075342,68.73059303138031,63.941131206367416,26.13829022920125,62.978252298861364,89.91088623230925,52.27599800683894,129.17608171960114
1270,20.167322317442746,19.633451207660958,16.304839054744015,19.0840679099989,4.89214113304179,3.2612463702388057,99.61712891967086,77.87005716825253,58.78635070453462,26.138150925402133,61.4609311911077,94.6212369859661,53.8040021771024,130.59802452958942
1271,24.83412883717215,20.429694610816515,17.561023506658856,25.5203423748602,8.152001697627504,6.522000027968156,100.21563334332858,74.25198371059128,60.5024619947714,24.510377676081305,63.94112119919694,94.6212152628726,57.158143561199836,133.8540063334828
1272,20.167197305246347,16.05812742771967,15.467965046183597,19.700745495108677,3.261191866576511,1.631057411382232,99.61716146373492,78.43048587853592,66.60849831147544,35.86926121550148,68.73032234673569,101.08700338001843,47.730553567820905,130.4747717743313
1273,20.62437508509662,17.636157509560476,16.058508066554182,19.084159020843696,6.722981909332805,6.522249372506075,98.09787775431849,79.40767736388338,58.78663271244657,26.08708904653642,59.34905181694246,91.3186998962434,57.0650158679828,128.89785347702284
1274,23.344140457257485,17.636212070906875,16.78638571510862,22.176791952318066,4.89144929030407,3.2614799576880413,99.04152440200603,78.1418898352214,57.25207441760967,27.71711272095815,58.446725580750176,80.30594053373812,52.199528303107755,124.29859994420711
1275,21.195573973941745,16.05817017409212,16.05810680801478,18.22986771667446,3.2610007652185224,1.6314432422640108,99.0144293610487,74.80454698961219,62.97816081582164,32.60942974735061,65.09519971277288,96.32040385102877,49.021584975708606,133.73581882617515
1276,25.77933092464508,21.258429936160038,20.429201955597698,24.07255042858818,4.891299415738132,3.262057067165465,102.10768607237168,77.32114193868334,63.9410483733911,29.393310548866275,62.085656192167626,85.1730553803745,52.40293885740015,128.96907555821056
1277,21.8754680617924,19.014410948679554,16.786345444030925,21.25864945006548,6.5222186726959634,6.522254858939805,97.51276441315974,76.00405166105358,60.91765519407015,29.3480889879049,63.41936723256974,89.68892201257509,53.829716899110075,128.8452803380764
1278,21.87460184556547,20.42935414880661,18.229332756144036,23.345035287240442,8.152057187374533,6.722936980781199,99.61584880691062,76.90743909287737,64.5007310135079,32.64980818523446,66.02713146711572,91.36230250020029,53.902732393775935,128.84528143747417
1279,24.238069844329104,17.560117302481213,17.56011877272828,21.195770615937896,3.2613195483437614,3.2611031538183193,95.90572960820876,75.79326960176539,58.53682894652748,24.456278492259244,61.374782148573765,88.77968286831518,55.43502171613739,124.29862377310577
1280,19.70079722677963,16.058129310887033,16.786605035096606,19.084291986621466,4.891267947353594,6.522497558218698,96.58164485250836,81.48886656002092,56.94897179278685,24.456007355760715,59.34905194162287,88.10450990449148,57.065042551612486,127.26806928264273
1281,24.073457734766727,16.05821709900606,16.786830793110337,17.56104883375711,2.3059407896509168,3.2613449219242034,97.96139519689855,76.90782373481443,58.263784622030855,26.08716294258932,59.9506684193493,86.65888768552774,53.8287268546943,125.63827118687014
1282,19.700907827381965,16.786856411621603,16.0582807968463,17.561030063145168,3.26106504633207,3.261406715671136,99.04155165037517,76.33518854383746,58.26409228253909,27.71810014934499,59.10183515088602,83.72558014187787,53.828688993172385,125.80752611377302
1283,23.34453038449919,21.258458096834406,19.901687572926345,22.65145589300697,8.152007207160686,6.722610391935627,104.76727721098923,69.65249151239858,63.315244638710254,29.34817784655881,66.60963128928334,93.29186365006993,53.804042705767905,129.46283015111442
1284,22.650544103098298,19.901763655571845,16.058123776471806,20.429774665079574,8.152032119505895,5.155880568246761,109.34918578695248,68.12867840100256,62.49073037984425,32.64899891221857,65.72516661399034,88.41969391582249,52.17403652402425,128.01767533534297
1285,23.344997174795854,22.176815907584402,20.429193662263078,24.073371271912567,8.15207018698832,6.521186923453828,110.34079346269553,65.48281969979668,67.22410753552603,35.90727600364151,70.03279726606523,91.66729981418335,50.64809056427191,130.2824900737731
1286,22.65057777415228,20.87921201611709,15.381219047560048,24.073371731493694,8.31339400487964,4.892002142076796,113.42995622610758,62.40779805639206,54.02594232658401,22.826200849277008,56.31549272882291,82.55900653214053,55.43400009294028,128.567253593245
1287,20.624473375646602,19.632978861376266,13.931303771091795,19.700916560472205,4.891022750583321,3.2613176613638526,114.50265881737056,58.44816481506316,55.817343171614,24.511421215294654,56.3155308597014,80.94987279539541,55.457966234477105,126.14617372442243
1288,22.709841107625696,19.63278301339073,13.44457583822289,20.429675386114756,3.2617392467210125,2.3072877372577527,115.56506737373152,57.784872917900266,58.19519576052714,26.08739332912582,64.50055535067429,90.39751336504916,52.19959267213911,130.81098175512633
1289,22.176792517260083,21.935806239175374,17.63636296527832,23.3442937027351,9.916923150432478,8.15209777697304,112.44129841904635,54.20022728532251,60.12772564984238,29.39354666430366,63.58635261953665,81.92868301324344,50.64908920435409,127.6022535028965
1290,21.44447671275215,19.63279316315143,14.583194134372945,22.175765358102048,8.152424153931193,6.521131690301094,115.86432752323331,54.66401018143791,60.12694268180674,24.511431387399767,61.37507227656215,88.28525098674254,53.82887825117667,130.04752547549742
1291,20.623474068872987,18.447006116562985,16.305229227419066,20.167643355075715,1.6304309860266963,3.26163837093939,111.12156716487554,56.22273448350329,61.39612972543507,24.45627735285421,63.419593442071864,86.96504361490689,52.27581333400447,125.99797570762834
1292,21.87483965995047,19.63345218381138,13.931186579186214,21.258499652163255,3.261389205148039,3.2617245457757704,114.68759279291346,55.77205836815186,60.12774128333845,24.456351661374224,63.41986755430859,91.82668557170298,52.199516572109374,130.28173484934612
1293,21.874799422868687,18.447001713970327,11.869855580738884,23.344757549061164,3.261744493150277,6.522233999290782,115.864086443374,55.77154776577488,61.71993524998798,26.08726871446757,66.06831702689323,91.66827246103426,50.57029741291683,128.6702414590364
1294,19.013571408613267,18.445593201090073,11.869983116395883,20.42969443027169,3.2610381166568962,3.2613706764028154,115.56506902464956,59.350459481212276,60.12791686385367,27.71709336585211,62.085023223134534,88.78064424987186,50.56934365810058,128.4324716971902
1295,19.014812493876434,20.752226760409506,13.930017992424837,19.013931510334295,5.155486312304221,1.6300820087348322,117.13040607348982,57.252308208787724,58.921487280964335,27.717207824518603,62.086193639384696,90.61762139184077,50.56939218038611,129.832811973874
1296,20.16739705015621,19.633457733815625,15.38216052431082,21.753503360094502,3.26178381855836,4.891769497653093,111.12157661376801,55.77135352478263,64.9111289258169,29.347327104026352,68.73029803095484,90.39739152901491,47.53535916515239,125.99796083892473
1297,20.167496250435295,18.446377341093882,13.931203947892048,19.084053453700115,2.3058402020870767,4.891205685793247,116.68721267695257,54.20046580990642,62.08507837725285,27.76503688591685,64.2321121159304,89.00501554219443,50.569507150857476,127.3207631475645
1298,19.700896439858365,18.44561015108802,11.870167414266882,20.42984968289883,1.6300287309381958,2.305603925206793,114.00222709374428,58.78774958184641,58.9224663065518,27.765069211156806,66.02838362067708,92.0145501063045,50.569277124224314,131.25786470015007
1299,20.42927527297725,19.632829447231988,12.417606144864463,21.25852343791735,3.2610001048649413,1.630283515959413,112.7014330074084,56.31520652920413,62.490697126379565,32.608173447752826,68.1280274004871,88.77965520131211,45.91325514642399,128.01786947742525
1300,20.168049974375204,20.75217070463324,14.582312885342557,18.589973400110143,8.152001958647997,6.522119135314909,115.1157630467696,55.723403695721494,63.41939677898456,36.01805844130353,64.91167281702512,83.93267192405472,44.14175381320636,123.15931549207305
1301,24.83375793934449,19.632700596617894,13.445994506324126,21.874680409093987,3.2616425521692527,3.646768497812981,111.12150676318542,56.22177295030834,66.52891009355017,34.278353852505745,70.24122208790577,88.42065301806741,44.769616231693824,128.21494774773947
1302,18.229403365825444,20.75221368467088,11.8697440026044,20.429380569579262,3.2610091854516687,4.892058240111309,117.84270974111224,55.460251054433606,64.50016638118329,39.16421039700518,68.73046164729288,88.28423610835644,44.77043784959048,127.84115851833474
1303,19.083719732999736,19.633448046405,11.529077695378133,22.65051446703322,6.522009751087765,6.521000007704988,117.4476256575937,49.049739768850095,61.87035295006944,35.90627695725991,68.55656204276931,83.55074623330887,46.37514842256791,123.15928012636513
1304,20.623491918956148,22.17620519642284,13.444889265144644,17.56006499233192,2.3059969599340095,3.2610138727310187,121.84733229758169,51.81783693058754,59.95052642121362,36.45714127646353,63.587338955229235,81.7824725274222,42.51647638143282,126.81770248989294
1305,18.229356298428556,22.176230085980908,13.93038696959715,18.589953326000842,3.6458289704319844,6.522013839765743,121.84731559889784,48.477678284410395,57.2518220848703,31.15016586355173,62.08620770041929,81.7824819989112,47.3943237514431,126.59731627143951
1306,18.58994728123178,18.589862456037686,11.413227883781575,24.07361520387827,6.522022380473397,8.152075551625357,125.99787252834238,40.893454232507985,55.45872846057991,32.64973265957074,62.40499297788386,76.63000369656253,47.97961993209712,121.54209306787641
1307,18.589958371809892,22.650540868420883,13.144571121111658,22.65056367282934,3.2610000239229002,8.152000008903384,131.41918500197448,42.51779427219739,53.233265432013724,35.90608245933152,63.586250868755016,76.647433742161,45.47739607120121,121.35602448023323
1308,19.700770688254934,19.701227709618568,13.043634840745932,23.739821766023727,6.7227695046089355,6.521921778425701,134.31050046952433,35.79691546044493,53.308138860805016,31.657905260188247,57.82854688667282,71.7576617900279,49.34593204754193,119.73462597014155
1309,19.084153003642452,24.073370616243743,13.144707087870867,22.650693964581276,3.2610573256071653,6.521008855844965,138.13549397293428,34.89572542034123,50.01407921094692,24.673447551762997,52.68094598717568,67.02668949078104,50.96205800342153,120.36590953082177
1310,19.63294698979743,22.65052649159775,11.529155530466337,21.875097150161626,1.6301870425310052,8.15203910767115,139.19940297995277,32.36609933387471,46.944712158762464,27.76489251238708,51.81653021240319,67.16541985408391,49.157026489923915,122.2282146014529
1311,18.229063566077656,21.258465539527972,11.529308264203243,24.239106903155527,4.892186088948371,6.722862105031113,143.25638873469435,27.767415960516225,49.66786273508555,32.7717613246663,58.78571667322705,71.81311515496154,43.167804072282,124.10657399961738
1312,21.257751100246352,24.888085457880667,9.919656815967492,20.62538149478357,1.6301795006934008,8.3134297067745,149.47668307955934,29.97745945463482,52.681277724875905,27.76521470154741,57.82866346524801,72.03486621011326,49.881618201450074,130.81114981757344
1313,21.1963849495505,23.344403619321223,15.031490084025872,26.29196459270092,4.891550671598547,10.311333238870864,151.24373757933165,34.280406456890155,53.63082864318634,29.75289579860244,56.31517167773075,78.27803280875878,44.77058651675689,139.5427450402142
1314,23.057939469856386,23.343859074077926,11.871075122842223,23.345404780974693,3.6457931958513696,9.782267030389313,152.26945952006562,28.846120710450652,46.68819038653595,29.528684631737757,58.331613259026284,72.20068738673663,50.22704469743769,131.6621980025508
1315,21.257772972198552,24.834129743979585,13.445493184349957,26.341942848609165,3.2610637579882056,9.917324344628415,158.95632484180027,15.47237634004633,43.50530071428985,22.88528783721245,54.80719343432912,69.42295628180575,51.81570495167703,123.10688581658803
1316,20.62441688004227,27.331474329744466,14.584049498286225,26.990096871027433,5.157129193226106,5.880371475588575,158.98995911198332,19.8367647406092,45.9139074152736,24.940426577603677,53.23370987476264,62.49128084003964,44.29300176384644,115.48545345944848
1317,23.739212481011144,26.989051424427622,11.86995294095539,21.260069421092837,8.313566661889453,5.878438949612789,158.99094647676623,21.25981999324135,44.859871985516634,26.89004445842681,54.80811264928062,64.10750735602265,46.11545067435592,121.84752507737586
1318,23.739493817906194,26.98902038028951,13.92992900109776,22.65201312595385,8.313365281504225,6.721876368205866,159.88272323051942,17.937582249735474,42.32867223741296,27.90836906910706,54.80852822011845,62.99960766725157,47.057065558141296,115.48530725569198
1319,16.305814979651437,25.77896014532842,3.6458083522973537,26.98917447301144,3.6458168851987263,6.723275026473319,168.53585111618307,13.835580214287159,42.51688087886423,27.717051563961345,59.70708486720591,65.2601831807734,52.63100056129145,120.2221173540843
1320,18.009009795347634,37.53540861677019,11.52895181705732,6.721874888962779,8.152016222605587,3.2610000005285418,268.6218208423961,246.6059536610375,43.74866998048262,0.0004327479999999999,43.04440875427403,7.291817725888424,0.002993058,0.010873027
1321,23.057841984877246,25.52025451942664,15.381838381109178,26.342724423454932,8.31336433762071,3.2612085163147966,164.6737433215589,22.178177230847812,46.402314727209436,23.344227063694415,55.722072753703365,70.27943299216417,42.32872996665611,128.2150689981812
1322,19.8349136268116,26.340162253069202,16.305163086788045,28.475607117637047,6.723007949961743,5.156825179342797,166.5993676644243,21.447039205188403,41.24687417264897,24.941573807922932,48.940447459790605,60.87431417093313,42.327784670620794,119.58981245300453
1323,20.62350480841792,28.891235662035978,4.89200000013576,2.3065823249396153,9.782053375103509,3.2610000003472845,164.86813901843766,142.8565591730737,39.70385291797191,38.7554276981714,42.79725525096429,124.56522763605504,1.6300048036211177,31.489075546691126
1324,18.008949989245828,26.13787422551168,82.65470286681058,79.08881520181473,6.72284529950971,26.137874225086467,168.57505466091277,139.31423906616246,49.587666541207604,0.00031640899999999997,49.5876665412063,125.55478887726908,0.0020224519999999997,31.489073126078353
1325,22.826000212452147,103.13093014711676,84.15375814543988,81.0805435170097,70.24093293996347,24.67245543121498,173.18007455107215,139.31481193921482,52.199049656425096,1.630000040874173,51.81555189325927,130.8930975185737,1.630001811215144,31.489073550912718
1326,19.63387903491068,32.60900000003035,15.380993238414026,78.02232485657684,11.413001061548536,35.9070614365246,262.17555425522005,312.24843149821874,46.71707821574059,0.00031264499999999996,45.94221529272326,129.86307424753872,0.001999651,50.22686731876733
1327,14.764395827875074,9.783000031012387,3.2610000072259546,18.008917930465817,3.261093466323688,3.6456852579452814,155.67919500138865,197.6667887651196,30.935297450670518,30.935297454569483,34.54856654124204,13.930822607892896,0.00360986,46.11552674993109
1328,14.674025334652013,1.630000064935629,1.631000007073112,13.043000001308009,1.6310250175076926,2.305875321899979,128.46312000711643,39.164975705358735,38.16774488296257,36.09107494048986,39.70352439075449,62.04275920688367,0.0038299999999999996,42.39200232452306
1329,23.344135376626664,82.55896329298592,85.78055155453369,54.026934847478934,71.75783934658202,8.31336297790261,164.86740204913468,140.5680031951875,38.755427698501556,36.63952861374808,43.320940387028244,190.21012955157877,0.002933223,33.25463041484212
1330,21.25775863954808,26.98800759389372,21.195390193438946,38.65228044628239,4.611101436706863,8.313574969294516,169.94911992161067,24.240242912843044,37.251099781410744,19.835498608661812,35.75862435706849,44.02212132844144,47.05701913009369,109.37350710225948
1331,22.826321358929636,25.31208289391468,18.58988665301976,78.87034456236253,9.782289487438385,3.6463171561191414,167.8716130757673,19.085309083125082,33.6125303720804,22.884222742747127,38.89242126101386,45.09476282013476,45.91361297449982,110.00343441913817
1332,19.634106869296804,21.875301645691685,26.541542177165294,91.89892464886293,8.152142068461748,15.03149492637773,168.88886560302586,26.892165511449843,34.04365594744155,21.258701368468444,44.770472527996645,50.648150075386546,41.24689464034853,105.58879603277782
1333,14.764364976312509,90.61758176551443,90.61758176535064,55.36235422228812,79.95769132909929,4.5980200000000004e-05,43.90049603605056,54.19784986269514,32.11580534570356,1.630000028714435,32.11580534600775,188.23525744663908,1.630001187403919,188.23525791950016
1334,0.005378388999999999,1.6300000010707352,173.1026106100117,0.0001714703,6.79304e-05,93.63217889703027,150.04350361827906,54.41806254308385,19.901682969103703,12.41725545364192,178.16593813914255,185.4111356553529,177.36611354221637,185.41113599147656
1335,12.417258247183106,29.16637627504102,8.152000000006193,10.312187450850121,2.30660153345304,1.631000000882649,62.4054122649698,56.315156883253046,51.066699961924,0.00029423399999999993,51.066699961930304,137.31531522013566,0.0018299040000000003,164.70669198132856
1336,52.1994870097967,61.72011189237322,148.51227775844117,39.1639765731263,0.000122383,6.522000000394976,139.54274250277658,53.40672726935127,0.00017354270000000002,0.00026316899999999995,158.25327069294482,194.39831558943848,0.001569048,194.39831589486204
1337,24.940285056647472,24.45640000083681,2.305875321868176,24.88807650289977,1.6300101115532404,39.670790829070015,156.56387883864744,50.22686689059702,1.6310000101561968,0.00027026,156.93749312708528,43.321881272841765,0.0016286500000000001,156.9374937906106
1338,50.779097434605966,4.611750427006727,16.304000000016796,158.2863505233899,157.95860319083602,2.3051681077681523,90.04353940733951,52.19879979030569,65.29847785362264,161.22395995946445,162.00505925741987,119.42325663377501,0.000307376,68.2837048515665
1339,259.42377181759156,260.5642028003917,277.6527526245696,34.892121087923044,3.6920800000000014e-05,293.9889747082453,293.9889747082526,27.908057779074802,4.5675900000000014e-05,1.63100000382512,11.756870672084068,28.845444025327488,1.6310001918929407,3.2600234237921715
1340,33.611557060091435,33.611557060041235,33.611557060043474,33.61155706024337,2.9643999999999982e-06,33.611557060102584,33.61155706003588,1.3218900000000003e-05,3.794404e-05,5.19706e-05,2.505724e-05,33.611557060248984,0.000195282,0.0072623267
1341,21.258940541330904,25.521447306916535,13.144483446019766,22.651857976636723,6.723028839748379,5.157272307392857,138.84613509224073,30.063568682194976,43.04405269715058,26.087034309240355,43.90079787034501,57.15810660664761,55.53011168981138,126.3977323372598
1342,27.765217937889894,32.11630681650688,11.413041187967515,17.635671852254003,8.313432741495161,3.261157081783114,136.2172975240089,38.202128237958675,48.94018536063549,30.06395850943256,54.807161571047246,63.92059192958791,58.89957232471806,120.92714587982347
1343,35.19685677970191,38.16718178683052,13.14450437910896,25.779796532213343,4.611777441098571,4.891197119698166,137.23858952448842,36.964593932190844,48.394125348412345,36.01814119807985,53.10789568876776,65.29952511713385,57.6446186368678,119.4234583234701
1344,24.45744146489158,35.60922345283901,11.528914625871185,24.888100826732774,4.611108424993832,4.891319857458638,135.8064447203375,35.27174199705823,48.93972689650419,34.8544990552486,53.63178101436263,65.23743830652238,55.52996960816347,122.2939153367225
1345,26.138009361894785,27.86106990216592,13.145965471730745,25.778439984025407,3.646268183867043,1.6307141803666838,136.30462948146848,38.028313264856806,45.942702648467076,29.348011765464484,50.56927677816273,68.497458539776,54.68613345266784,120.75122850962931
1346,26.08737529313289,29.166544744821728,13.144472653310881,24.83430019853186,3.261766314437648,3.262223517517429,133.5074000919014,38.651533497223866,54.6863361567052,34.27779012247766,55.459233400039984,68.49743786061293,45.913276274803344,122.8145452960873
1347,23.058096930764144,29.166608408348665,9.782344986966297,19.902033076206003,4.8911474838005695,6.5210731057767015,145.28237818319738,31.320522696278992,51.55911857900193,34.58678312191665,57.62138625382378,66.86787311850532,49.346766990109565,116.32251216776578
1348,23.05852576105209,28.52165722359059,11.52971721368782,20.43024463308075,4.8922485697127,9.782094905903374,151.9109590045459,31.656665604673524,48.39412472522005,29.527693908498136,54.808064862784846,65.23842243105648,51.48187608834418,116.04785461914233
1349,23.34416017908854,25.52053210995411,13.144934528338398,24.073809153115445,8.780084075479154,5.1578364024191865,142.3714821745408,33.61195743451079,42.7974326006977,16.3863729240758,47.478968638222106,61.95607457688807,54.197787980765035,113.92086041328133
1350,21.257830755024106,26.989002463053,10.31243826858238,17.561372596015985,3.6461950606757267,6.522063146735079,144.33683193842379,34.664367043092625,43.321145630695206,21.25866057526074,45.477466759885814,63.58707084326752,53.90277394414143,114.87308086671143
1351,21.445387937447045,25.52051999593822,13.145062394131063,23.34559661697469,8.313813235815159,4.892979882501149,146.44876788063328,31.319564278742835,41.79101306483213,16.30506165660223,43.32198708359301,66.8678735458786,52.274873936155615,116.08263605468561
1352,19.083822787278642,26.98896629731122,11.869892316193344,26.29102829727469,5.156235251111461,6.722629276371593,152.26854603050364,30.328409873056216,46.94419268273044,24.511393412547065,51.81660141730286,65.23746187912757,49.34577778864978,117.6854704582306
1353,21.75255857793433,27.136197857823984,15.467075416210896,24.888873207442764,4.89111094141701,6.722248961657061,152.53929851524822,28.051237353510402,43.90131477195671,24.457013603096037,49.506704600546385,63.60806025364741,51.19620018134409,119.01147063328132
1354,22.88453032729669,26.9890102683491,13.145301236016243,20.429802388244894,4.892384149968597,6.52102937144008,150.3712246286586,26.541975209577057,44.532102520146175,21.196003429213963,44.352192407673634,68.49843144701164,52.58021180845983,119.73497537063115
1355,18.590039149105895,29.16650895463202,16.30365778491582,23.515448583982412,8.77980090272033,3.261148096030163,152.25158096894847,27.71803510220156,43.04532221252747,22.884213774978576,44.85896941633581,63.60799378105426,47.97966258914322,119.92335804207907
1356,23.739629016689058,22.176828449199554,15.467880473664907,28.475231854571643,9.917864940617225,5.1567781308705785,152.53929658343398,25.780134893203453,43.321900671069535,26.290034327014514,50.56927746200078,63.60806423479682,46.115541080969216,118.75335796481508
1357,24.673535904846943,24.887781652681113,13.929928165019263,21.25938721340344,8.313720268915517,5.155970741114141,146.31306169687792,32.60904413375014,43.90126329767987,27.718013627967586,53.30808584376681,65.21811508994664,47.97966395511975,118.30488349073576
1358,23.058542370694745,25.78011071754308,13.144706444640612,20.16919626766522,5.156766588642967,6.522007177623764,146.3128170213364,35.75805218775424,51.81639252751061,27.71703979491719,51.815731811014984,66.84808860665558,49.02158535029901,124.77905464828672
1359,23.344341901995236,31.14898478857906,19.632787122709423,26.341118559733314,9.783103716219323,8.313798203265742,143.34855584556828,44.97785656675355,42.79703629162904,17.93502795645686,44.858926244299965,68.49742324499228,54.41842965399892,122.22830680230558
1360,21.196117962600788,24.238527565705226,14.764326504590212,23.344292644217916,6.522190439206766,8.314421260631937,134.61662128023266,46.63188598994508,47.9523881192315,21.196017229769247,51.171402349387776,65.23840293663308,53.9027325113359,122.22937441778659
1361,25.77993326462501,28.845460696722668,18.58910980239354,23.344721994446854,6.52127297012548,4.892364414809693,129.42263600152182,55.17073059247635,50.62225414801138,22.82617873999555,49.50767936023215,66.86787328314367,53.82969690021582,123.15952529621298
1362,24.238188091353052,25.469709387790836,15.032362520737802,21.87436542618054,8.152000430722497,8.313599993593348,123.27857626489194,60.52484248387644,52.68134191589372,32.6080055441946,56.148834267774134,68.49845750287106,47.311092973234565,128.21490017581488
1363,23.05782181264841,22.176403784787993,17.636763087406102,19.835932535717465,9.783016897741172,4.891184282130825,115.65676511156504,62.74551502370947,54.807546115139004,35.87006458579022,54.00200486915368,70.18480281145256,48.91302262031729,127.05962840880595
1364,20.623791475964065,23.514579764525397,21.874383122205405,23.34412783557961,4.892000067722456,8.152279484292519,114.14174146448134,65.48259167030311,54.66242639468689,29.348002530376235,54.686633652566364,70.41162651838157,52.17300176111335,128.43243658088682
1365,21.875479528613955,19.632882307742882,18.589880111342314,24.834180165106364,8.152337233628206,3.262140966518945,109.91787438062848,69.65268163817531,54.80806584279966,30.978154592384712,56.87818199892826,73.82170755714677,55.4589607772471,129.8327733747583
1366,22.65092742999188,21.19588719980705,15.382582501750555,16.627908831080813,6.521182273564295,4.892534683464125,105.1221631384378,75.28287353243756,56.22034470353932,35.90603607264809,57.64537235222068,75.15931072765375,53.82871664206649,129.8327711583414
1367,25.520248332390835,21.258536650959154,18.445679920849972,24.834137969288108,11.41311340392639,3.261596104060887,99.99031464265735,75.28295260465543,55.721771094226455,35.90710939567853,57.644848241434545,75.63547324588791,53.828740165529844,129.83293685261154
1368,22.176212181611543,16.058233884182407,19.901685733628177,23.34439777010516,8.313813697200628,6.522132178937317,99.33660550371586,79.95740233077316,51.06670000277909,26.087005622884035,52.680970380478854,72.20080051458896,54.686180636123844,131.08550560006498
1369,20.429898723194896,21.195770180070582,20.4298911220036,21.753084186659205,1.6306750476584797,8.152050320100443,101.36207394780186,80.43883685269259,45.47740064132166,14.764364462015974,44.85987004184687,73.5318886467002,62.042785067102,129.46270275776476
1370,24.83406941019214,21.195541528995264,21.874154350952963,23.739660392041188,3.6461869787448773,8.152007106455239,101.37560826861511,84.16902208757213,52.630044799317936,29.348002461093643,53.6317117463432,73.65931376075564,54.026000173356934,129.17499823896804
1371,24.833747325813775,19.7008986995133,16.058548720315006,18.22907498335954,9.783003398958078,6.723325645458568,97.83958238203029,85.42304317377739,54.80847787405158,35.86900004642766,56.31515517034111,76.63100602517586,52.275851234198015,129.06279362813555
1372,26.988930567564942,23.34394878944083,21.874620443797944,24.238114083320937,6.722906486037236,8.313372924367165,97.19915896434617,86.08972690632503,55.72177091701309,34.240010294326744,54.19857739102407,73.38812685986747,52.19849290674895,123.95594630877208
1373,21.874164925153472,16.058029216663716,17.6361656565167,22.70959155985465,4.892752182984482,2.306367355614429,92.70604982589447,87.20878949094416,59.10173656716027,37.50006566596496,56.14926920251466,71.75757645557641,45.68109409197631,122.32647944096946
1374,20.623113237030072,20.428796679247906,19.901765675572037,24.8341980350621,4.891188121346759,3.2616732589000677,88.95914118453291,88.42030931336357,59.79467452565519,39.13102116386955,58.332329028307335,75.01772064518597,50.56936902946203,122.38078722928213
1375,23.514094144128308,18.229095767481855,18.58996024640324,19.70125413280143,8.152568849487613,6.723786078176523,88.96050357355789,97.02077094140193,54.80797824021289,39.16399381714668,55.43476583834395,66.84802246415973,55.45896726913442,119.03317554405118
1376,24.07250799769405,19.902545613529554,18.59010350831176,21.258429576222884,4.892680258531555,3.646050632047747,88.23969198725588,93.33410564496974,55.43477015579264,35.906120346584004,56.87906151289206,66.84800923970438,61.95700176863312,123.95590988919234
1377,23.344928466738498,19.901872974954436,21.25904930858616,25.52033786993278,9.918042134390104,8.152099983478227,90.42717098997733,92.64871340107354,53.30819853606025,34.277828358103235,53.1078905234361,70.27840362057245,63.587021762319196,127.2158032585778
1378,26.341125087443324,20.428899480882496,22.650514667296278,21.874573321373134,3.645686509622128,3.261960095520604,88.25522062418769,97.02076629436455,52.50437831341193,26.137884031806408,53.30813557678625,68.47900199289874,62.29928739791509,122.38082186535682
1379,24.834193336962855,24.07348069037978,24.072743654036945,25.52024479988612,11.413026069681793,3.646919584440565,90.5585119615538,93.37733935074948,54.19902585387603,26.087008343359255,53.10884459396205,76.63000873853021,58.69603263416556,130.52666891850058
1380,23.739796383435422,17.5611331431299,16.05819259190142,19.084081083375228,3.2611101320870457,4.893167041985017,91.26162683120059,89.31747082521387,49.50766612393884,19.63309432486932,47.47895752561306,76.64833619031248,58.718635434944204,127.17400329441864
1381,24.833728560175587,21.87486734407409,24.834152087397367,25.77889542815393,9.78204572409482,6.721706229558398,91.43558590253652,92.7051162701195,55.72176933643684,22.884219528188783,55.17023326009344,79.89101455031788,57.06507279855873,128.968967951015
1382,21.752146967341762,18.228931004648224,17.560643761712313,20.623428625747344,8.153605216813505,8.152402168230894,97.51272020167234,86.78154275145583,60.590300848045636,32.64994323773343,62.978155642597535,83.21592639357497,55.43501395546163,125.58635378414965
1383,25.778954019272437,19.70027018515843,17.560119177800747,20.167138224614856,4.891070817561343,2.3060041607455726,97.5127148428708,86.04251595111849,65.09510086405665,34.58657291777488,61.37497529379771,86.42841764830122,50.56930897887201,128.8462734724778
1384,22.176759289727077,20.429823293552897,20.62377143423541,24.834147743033483,8.152335226479632,9.782034710196124,98.7058934045769,86.04297471093624,68.55595541962589,41.05346521970006,66.6084937285095,86.65877539992321,52.27481499747488,125.58535426351646
1385,23.344379516023096,19.902507177156387,19.013989108823687,24.073385059417014,3.2610376875595577,8.152104723630627,97.51366590473783,86.79641870884141,71.03153059588898,52.27588908175477,68.73023622840837,86.96494409071167,49.3457919298822,120.82914766772346
1386,24.94032487045609,23.514575283760166,19.08412453486927,19.700810159227462,4.891130696632036,4.892449252674922,97.51271504202128,82.51026309537518,69.78626116693465,59.25842655529164,67.87416261080037,79.08882445548849,47.39535922538919,125.92359607550242
1387,25.779843857720845,24.072523846333688,20.623466862075748,21.19580892691216,6.721684858495612,1.6310621711268114,100.02942740154514,84.1698598588,64.66500874539184,50.64917069544824,62.7450860829663,78.87011188870817,52.274921055756785,127.43503052712782
1388,26.988052419552066,22.650571833674842,24.072486258879273,22.650516885892056,6.721920643625905,3.2610727260888845,94.46721683880263,89.68808473546301,70.01393907700265,40.76000194008552,60.32583330541918,83.16815225697793,50.5440056567697,130.4452082570728
1389,21.753214359653196,20.879896658672415,19.903147147400496,24.07341507856797,6.522601072295,8.152026182300986,97.5136665908429,86.7815659996892,61.266398790793204,37.50002557101593,62.08607884156386,81.66861575025142,48.940218015953846,130.47577764163583
1390,26.988031209726323,21.874264395811274,23.34389338746594,24.238022539869597,9.783000411935047,6.522073250885919,102.10674541765499,82.44582264891515,63.58615539109303,34.39395441178364,59.9505431578347,81.5220529136238,50.54301144589837,130.43501034897685
1391,23.34430286524103,19.699884267705805,19.90179702764658,23.34443915753832,4.892056491916254,2.3060197537056992,94.354287376119,85.11097647409596,59.34869661353845,30.978006794293368,59.34873378071304,81.52100002960478,50.54404190849549,132.06500093297691
1392,25.520271320101568,17.561340182938213,19.90250228698252,20.623426254181954,3.261590477604414,3.2623691656599485,94.35429308078146,87.80197837623372,64.50004261671884,31.150162807119063,59.3493793149619,84.84479163556139,48.94019012507624,132.065019793879
1393,24.073389734116798,17.561545469529964,18.229357524147826,20.624423252920355,8.1525149079211,9.782153217083632,89.92532812297286,94.19902702793952,62.746012333733276,37.53545216136394,60.590300558653155,79.95752722621305,46.37427165375089,130.59790459449502
1394,25.310830154685977,21.87456927063994,22.650687866001444,25.520263495423734,8.152040513969599,3.26172012645104,94.46721894267425,90.44097012195937,62.72444109927571,39.970145894774994,65.48210686038439,80.15677894090553,49.021590363514534,127.26801776094264
1395,24.23810530849315,20.62353394601129,19.699853977793865,24.238180648982713,4.892165325084687,3.261056569160337,85.11096901905546,97.02170294306043,62.085200776309065,44.142638186306904,62.7450859164234,78.68443054218692,52.199501829516166,129.30865349019143
1396,24.073482640338565,20.429504768721188,24.88771981859046,25.780289817880867,9.917034486450858,8.152218196664373,85.42303347912122,100.62570030741645,61.526235479673296,47.39535410853696,62.08511974211381,77.06249891929932,54.02585273089942,127.68509665230364
1397,24.07344007498227,20.430195050923068,23.514189897797863,24.238064461985772,9.782210981010818,6.723138841102135,84.61070348112607,101.37607743852773,57.04197335918951,34.39495409545908,55.170587110096974,73.82159839240774,63.774848697518856,126.06073464538034
1398,20.42967233697335,17.561419913063087,21.25855511828736,24.23802624964013,6.523016319958803,9.78300667246406,80.289212104322,100.83724255303797,58.33231255564347,32.60900002941255,54.198270877469156,75.28304782274135,55.43400413067774,126.06071935886484
1399,24.834148722230037,19.014222933019372,20.879551545959558,19.70095548874762,5.155632299926811,9.783391000879408,75.38902317318326,106.29086477209874,59.102646986864436,27.718057553790143,56.71421461063023,78.32891145362149,53.804035610550685,131.08551793558675
1400,20.429673301881312,17.56125409166329,21.258527994724794,21.752987192072787,8.152693085135475,11.41300014527474,79.40738287548471,101.57272099259065,58.446605918602614,29.348000070069254,55.769140362681476,81.53833137577253,50.57033768457423,132.70765068110396
1401,21.752046341220964,15.032131721149304,14.582762707772773,20.429694906511855,4.892130414230749,9.782185595589754,75.7930248482001,106.21612289380597,59.101335803349,27.76489066260257,55.77010487377375,78.68355185323041,50.54300036018001,129.30966069049268
1402,23.057803221989836,13.444484492370933,16.05810974329074,24.83417874053453,8.152029346848348,3.2611042543555944,73.73133391485987,105.2610906230047,54.19766132559804,26.13788262407877,55.36332674185681,78.5312250272812,52.17401244966546,129.46370569854946
1403,24.833820075713856,19.014766254472004,22.65051496620328,23.739616508801678,9.783038862266944,6.521474017611678,77.50995867751384,98.54324634811417,57.25215278260964,27.764912400208058,55.36263062137237,78.32894302963817,49.02165677315705,131.08562369704862
1404,19.700933405176638,14.5836364491473,16.78688262633464,21.25854821648563,5.156885961892932,9.782022832125504,72.1831034841878,106.7281210031034,62.723468235948204,37.6415431816672,61.373998261956196,76.69935731778203,48.94018647708749,129.30965918739437
1405,23.05797012968569,16.627963728479376,21.195415552750944,26.34069817066794,9.783000003194333,6.522968891216379,69.36566339970395,108.79999699197799,61.97843780354839,40.79362657797816,59.95053812415758,73.82062594953327,52.174039804721865,128.01785222659046
1406,21.44534518259592,15.467812437431354,17.635661664461704,23.343959426071685,4.891054285727791,6.522059705388293,67.87325001733456,113.5473859759132,61.04840909085582,39.13002092380166,56.949086760505395,67.02670804544113,53.80416985409237,116.68741607407209
1407,21.874636520980097,19.0147341825616,22.17710078592537,21.753516298516924,9.782288457468868,11.41302935391061,65.15639488609717,117.17575486587121,59.079256067812466,39.131000171537835,59.10178661878652,71.90660418301421,55.43503746318487,119.56699385125512
1408,23.057856709515082,16.38535734398369,19.01336263541052,26.988915163019175,8.152022272487773,8.152568672307012,65.72499677409326,110.41376268494983,57.621379606319145,30.978118681780806,53.977825760497325,76.63002359845207,60.67743645244162,122.81445048351178
1409,21.752012641099867,19.083217594428056,19.902519464040765,24.238048514655812,8.152001897438733,6.721939286961803,66.0270758409185,111.12123960642658,57.25090114320718,26.13792747566494,51.066701687358126,78.26100086830579,56.290640898910375,127.43502626008475
1410,24.834278014744083,17.021873026775953,19.9025238440706,25.779980314028215,8.15200482235442,5.156210976073048,65.48238489860879,113.89674812742301,58.264151260664725,26.13787724220319,55.770111063435074,81.52204185726292,52.174000593862665,129.3086585919975
1411,18.59004516423908,16.05838260023767,17.331372976497892,20.429806266580222,4.892005584794902,8.15234628923476,69.65137948630466,108.76439523876957,56.948757565365824,26.137877979669646,54.198309022567784,80.15677371319013,52.17300047106857,127.84110862645242
1412,18.590005684117493,17.560378367317824,21.258469142419084,24.238019255512626,8.152501509443331,9.917975352684119,70.39220421819533,108.39654396903951,56.94872548177977,24.510262832806216,54.19829236012528,76.6473430497864,50.54401538615469,128.01679502362774
1413,18.228985863434534,20.167267782156948,22.650519078433945,26.341076352025325,11.413061574358576,8.313879819964027,67.22434873882277,111.5392498574553,57.25181652050267,26.087023248917966,55.36261422397332,79.90766420547554,52.199512276859814,127.84110602879183
1414,22.175513613545192,18.228517366136934,18.589909192597595,25.31076274006536,8.152002337970513,4.8920185473730085,70.78778835372472,107.9663731718817,55.72178128030892,26.087033813141854,55.76915572151382,79.95855929398672,52.27583856921897,127.84121906260474
1415,24.238440840466726,14.582887306186086,18.590166692052286,21.87459082193368,4.892044576805894,8.314594170428006,69.6516624018643,110.88171707775018,59.79466710290437,37.641521358238556,61.460887612527,78.41369176678091,53.80400587101505,127.68509954000585
1416,25.520339999377853,20.62347095674848,22.176205484829147,25.520282023827974,3.26100009715059,1.6310334704110439,73.87505738045164,107.48560908786285,64.66479288512508,42.67222520855928,64.23202826079482,75.44173780803769,50.57028803061907,124.5976322451029
1417,25.520258107864084,23.34403987348509,24.888136409230135,24.23823633721482,8.15206402919535,1.6314131433726693,81.66849355213574,103.54235952539736,58.445706999212405,45.769341728166495,59.79469529347903,73.53194382724725,52.19946517360804,119.56796604510846
1418,23.739478333667762,17.021820225755224,19.014295960386278,22.65062805104903,4.892052314251756,1.6310331891242766,79.64204524496267,96.34734439056214,54.00199106527686,32.77070452484776,55.45828350588694,68.47900511008488,60.34803308295345,124.43749078352991
1419,23.34414286331894,20.167112008325724,23.343722193065645,25.520244029211835,9.78301206598588,4.891665882304329,90.55850214703624,92.60471789934672,54.8071518371772,29.528506849227984,53.10884357610599,71.90563523902969,63.92060261243552,125.58633684966784
1420,24.07347320163021,19.01448401274031,23.515194943616635,24.073594447089643,8.152333162034276,6.521011343232674,88.25430327341975,96.34783153229345,53.30819264419903,27.717008011570712,53.10789032393975,73.38812654023201,60.348024267303714,130.52673879484686
1421,21.87501267897561,17.02312358808929,18.229475606337168,20.16806819100347,8.152521877035092,9.782253010770866,92.36099587892379,88.42027829693995,56.31479237141866,22.88412502782589,55.17055890349578,76.63100011969112,55.435047312377,132.075059140931
1422,20.624474771151245,19.90256708749905,20.881165550366095,22.65065761429462,8.3138721798269,6.522020752896213,95.41863332574835,86.91887543924912,54.80806524372118,24.456000058530876,54.19827250981052,76.6300109827392,53.828784855177624,132.07507142775626
1423,22.708832562813626,17.560235568221817,16.058434807191226,17.021818436366505,6.52266934677538,4.892127605751984,96.41608873289786,83.5828693518095,53.30819173610001,24.511429802776455,52.19977113887806,73.44243357544444,55.45799919212597,132.07607094820625
1424,26.988086063243276,24.072577504314427,22.650519995879094,24.073380200573407,9.917865650274775,3.261416134381529,95.90477697191628,82.05860945676582,53.63187037191124,21.195001114369603,52.1990622466059,76.648370394009,52.19950544319935,128.9689728957366
1425,19.834908840205536,19.90258678042843,17.63658833869892,21.196323115586726,6.72312651074849,8.152015971694903,97.45790976397066,79.64176380756591,51.1710365455914,21.25861014145221,50.62311102729518,73.38810396434805,55.81640207589395,130.44520210660505
1426,21.75203086404213,19.901800734009694,17.636663452541878,22.650533789902703,6.522346366537747,8.152033343642296,100.57260497252585,79.49087463494313,55.45919421982668,26.137994040403395,56.715456943200515,75.0177105807081,56.030308226523296,128.8462480108702
1427,25.520337755946752,22.650623010019505,20.62342655226527,24.07336791193288,9.783026493975385,5.1560661284262155,105.72679146442056,76.64793186002001,53.30816903961728,29.528648322682837,54.198271218946616,75.07090609461875,56.03026068583801,128.89787640547752
1428,22.176829297079607,20.880198809950237,21.87523101028965,25.52027833040274,8.152244400508659,9.918011777328422,100.57354527085442,80.20686392994111,53.976924229451484,31.02090565527063,52.63103880697376,68.55680013763028,58.195110206595245,129.06280965790666
1429,23.057812928460425,19.63344632887888,18.229455510211164,20.42968373534161,3.2610725725650123,3.261130282969355,99.04153724120445,80.28931222055047,48.940242663889634,28.14641688922834,51.17100283797961,66.86787232402477,64.3341866216211,129.06171985133454
1430,21.753012247032014,21.25851099040404,18.590624457600256,24.833754191467442,9.782030413899186,9.78306741619219,101.72899911494277,78.29509726228424,45.94221873319144,30.06396059605732,47.95339100008859,65.7245188146603,65.9475295033864,125.58533890219897
1431,23.34435201984757,22.650612073316957,20.623942189436626,25.52028349450721,9.783006196569708,6.52267664402434,98.70591069631564,84.16903267960339,48.85916960320842,27.764938056736273,50.01534879835255,65.7256609022023,67.81527648215811,124.00948936935484
1432,20.167330316128623,18.58987319170137,15.467967355605932,19.700755591662976,5.157146820670872,8.152321566183696,98.09785469799822,83.13598522928322,53.976936998859905,26.137947537567833,53.63175335882871,70.10904082200564,62.29834824937077,127.21580424520101
1433,19.834908844291892,19.90275747335547,20.430388467097156,26.29015519052281,9.782130771849284,9.783220804082942,100.21559657975534,85.31448815352898,53.63181994034261,24.457010788581332,54.66241222620983,76.63000164478093,57.065082196424896,128.8153275229976
1434,22.709022210919805,19.901865306469773,18.22842706864316,23.514907582507046,6.723101509228842,8.313562055225711,104.66507606213295,75.84629801895892,51.170083781160976,24.672464008451357,53.10856850490312,75.01772471510637,52.19946717115427,128.81533982368012
1435,24.672611750317998,21.257597664632996,18.58909142014775,21.87426402574701,4.892115902717857,3.261130309786591,99.50968498731764,77.3206788134081,53.108610841447664,24.456280064549457,50.62240121915989,73.53187226263454,53.9037618525746,125.55458636543399
1436,20.16829962799726,19.902745161215428,19.701553478332613,25.520251764753127,8.152157969672801,9.783156764393041,103.24689228428878,79.49088269000009,54.807569021587476,24.511325784657174,55.17056006027289,75.0177579136864,57.0650530809492,123.91400905777215
1437,21.752983886721573,20.880209458689187,19.701544053450903,25.520263356618898,8.152165146272479,9.783268334594595,101.57242567670237,78.02217259841584,55.45919788049897,26.137881468334054,55.17055996284034,76.648343253136,52.19858656710245,128.84627786798066
1438,21.445561829680475,19.90174990584214,17.560782263881105,22.709597118100554,6.522206617949492,9.782066726881423,105.26109917615658,75.8634101666566,52.50352778652703,26.13803243137718,51.558747425069065,70.18480711270696,52.807054276110925,128.846297398844
1439,21.753017660214972,20.88018580034393,20.429389292236927,26.290163234373374,8.152199574584076,9.783266014017267,107.26214027193788,73.82113669267115,56.148835403256335,34.27783245730726,55.17058644033588,75.01790251665815,53.90278501262391,127.21580481932999
1440,21.444484889757184,20.879294449825125,18.22890931635364,24.073368117808634,6.522167421940589,9.782000037017003,107.26214791583851,73.82112758745306,53.23235728052696,34.3940732564762,52.09752357087086,66.9275724343266,54.41806244258462,128.9700140153734
1441,23.05877321525151,24.457521192215008,20.624739303635288,24.83396931903567,9.782014005398308,6.522710118694271,109.91787521664943,76.00341708833363,47.53532501619071,29.52864739820564,51.17106678200526,65.72465169155852,64.10742292031723,125.55462441581173
1442,24.23807825585656,24.88823815117096,19.63395747111786,24.83412899419477,9.783000046320367,6.722772179824703,111.44354811288329,74.66234848352173,46.0289940855891,26.137946353415515,47.95337615100773,67.34323291421529,64.10742867879478,125.58634746389714
1443,28.47436054766467,23.343846401013888,21.753034292413396,23.514573390697425,1.632238657466765,2.3060034023921867,109.91788582800471,73.82111563829412,48.17406653075029,24.51139415880716,47.535296652112294,66.86786977669634,65.54225428556224,127.21581455729935
1444,23.344239739396905,20.879185241400112,16.786530671858642,22.709595036728995,3.261482293615766,6.522110055520444,106.29180380549086,70.78749451241353,52.681220802567694,24.457000683475552,53.30810994968783,73.3700109893997,63.5870648438509,122.55449924036658
1445,20.623207613831763,24.457443439797313,18.59038250629292,23.73962111898377,9.78206994874033,8.15233332478504,112.41797665421102,73.00641510473051,53.10789000761019,19.566007595255638,53.107894490124664,75.01775590096686,55.4340387489125,129.0617548874564
1446,25.310732877588688,20.87996376937581,18.229414830704883,22.17620530061501,3.2610654448507757,3.2610589016452596,113.54648158572569,64.23244686092653,51.066708089260175,22.884179869838626,52.1991288623895,76.63000126448033,53.829716919108876,125.80749661951249
1447,25.77984378991466,20.75217443801029,17.560306024952933,21.258431003516918,3.261165494929099,3.645724447241747,115.11650274223133,61.97818377614428,47.47868911114181,16.62699382282916,48.64003458835213,76.64735597419194,60.52402866858321,125.71240000296412
1448,20.16823461844114,23.173457009678096,19.084393945069273,24.941454761035338,8.152152636757716,8.152436317465884,116.03553025710877,64.31535680942316,50.62243828007548,17.935006342259516,51.48206527112742,73.37000635483392,55.530890949236756,128.96908062852074
1449,25.310770697444408,24.88673362346304,23.34385946223983,24.073557734614184,9.783007811699289,3.647729433699279,117.13068438694499,64.31510990613498,48.63994811941717,14.764253382330693,49.881620995049744,76.63000874665084,55.64948166398712,125.71335097698667
1450,25.77984741424841,22.176208272786905,21.195557265674775,21.25868121403584,4.891314618538578,3.646417250343156,115.11644427179911,61.288105020900375,45.47739156414029,13.145453615107526,47.05705355615808,75.00000274699596,57.27436571505017,127.34016571627164
1451,21.44560881104475,19.633606846152304,17.635665632465734,18.59009888872076,4.892150395235147,4.891207763602323,118.07978776558453,61.978348931757985,50.62240239203218,17.93510462842757,50.622408143986135,75.01776210600607,58.718658332792586,122.45589585547975
1452,23.057954341142807,19.633448489526156,19.014230844209905,19.700977685958726,4.891186022322621,3.261001878257686,115.56602555135852,61.26670998890341,49.04897491498837,16.304166918250534,50.622167766099366,75.00001432338466,60.34804537150501,120.92720005123876
1453,23.344767370645783,21.258496186308577,18.22905467698224,26.341069441510967,9.782030736431144,8.31372698167851,114.48009291357111,67.086221387376,47.47899444432426,14.67400251658815,48.2834861577863,70.12797187147511,55.53001810592909,128.89687184903502
1454,21.875454021630002,23.515539138318935,20.1671497887929,24.886701211954968,8.152191842034188,9.918062438666954,108.27419237979953,72.21928705826198,45.91389735161586,14.764254486000143,48.64101101637662,75.01771110303763,57.27431895331184,127.18445748996109
1455,24.83416340207379,17.636190072280343,17.55998805923515,19.90250687509548,3.261069118835747,6.723500335735903,104.39884844390394,73.87598720723597,48.476089975827016,19.565052375688673,48.283513746323045,73.37000631162225,55.53083239439807,128.80400882644872
1456,23.739523600224725,20.429677349489037,21.444407313577678,22.70962363492482,11.41301068477066,4.891485882352027,97.9620246914815,77.30347008428687,44.85987130673599,19.83504844851397,45.913723044379594,70.4117393767212,58.78554596602161,129.06277364875794
1457,23.344567112986468,20.429696982189935,18.589946596698464,21.258620058534476,6.521117436950219,3.2610046922726372,92.94931210867114,83.93225721897925,43.90079567247144,16.385390809159873,43.16870326834708,66.8679252631023,60.874338322398195,128.84625345348974
1458,26.989056732510008,19.084081051547276,19.08422253534793,19.70121779397011,6.721750040541837,4.892024450888355,87.14813235763054,89.31742262851171,46.944242855846326,17.935086520356716,50.22689379332836,70.10802425202556,62.04277727979893,128.8452555764998
1459,22.176783557771778,15.467692154585476,16.058149824656915,21.258504531199023,3.2611052000259293,6.52231662208727,88.23980447916016,89.92536770750792,48.47705787536355,16.3862957182922,48.64095834617906,70.12794591659413,63.670569599793275,125.92452101415445
1460,19.700896675690316,17.021952857163093,17.56104560963959,23.343845314810412,8.15238545973973,9.782011591358883,81.88043845389757,93.33425291597754,48.47603040257143,22.826101932276003,50.6224890375656,72.20069425689164,55.45895964371102,126.21973125143543
1461,21.196461259084213,17.022405704055945,18.22887540687144,24.072487610799648,6.522483004912767,8.152000157999499,80.28979674475605,94.35431616798923,46.4033006524841,24.510357099509566,50.62246761267296,68.65244801472538,55.45898909494344,127.84113073547759
1462,24.073448787104066,18.589900370480777,18.589956311541624,22.651584324482098,4.891510788431749,8.15204673568643,85.11158216994563,91.4346580553155,52.681266452821056,27.90819273184886,52.19881864675673,75.0000147548787,54.0268473447075,130.80136420294033
1463,26.988997839948258,19.01421965505295,19.902543291611792,22.70905854161145,4.8911324054988725,1.630269301729314,83.5506872721703,94.35433788501462,56.948690912082036,27.71701083261007,55.72181440066773,76.6473346764054,58.718701315019764,128.84527379908914
1464,24.834143486136153,20.623602712515655,21.874113010530888,23.344124694821502,9.78201293357597,6.5212457944138595,81.99347109732689,93.86007581333831,51.55872765472653,24.51130057361303,54.198306295544285,75.00000555882218,58.69502808829799,127.21582999908159
1465,23.343614539100013,15.0323377244273,15.381560210165434,19.700832188261536,4.8911901615966835,8.152530728462713,83.55165805400772,94.46630880810574,50.57029845493266,26.137944165798434,52.63006363639799,70.1090064211441,55.43500036702126,122.55450111144384
1466,23.343617859164944,15.03224869939568,14.582794797012326,17.56116163032501,3.261107371793998,6.522648467664718,85.11163310084869,92.94903297536722,48.47637693047232,24.511329144442595,47.479647087549885,68.4780044118223,57.08827926078703,122.45680565164491
1467,20.624065768632708,19.084089454648467,19.084162282053928,24.834134780590094,9.783088561754319,9.782043307799375,86.22904831211072,90.74963460097567,52.63100311308884,22.884395150492555,49.50766522023936,75.01777082116068,57.08827657882002,127.21580249457485
1468,23.344217061311497,20.428318242454534,20.428802221354125,25.520248220787813,9.783002502913117,6.522688390276254,91.37650595984795,84.5633870013242,52.63004242938434,19.56535216083066,52.1997682979657,75.00003043802661,57.15813995813985,128.84627343550525
1469,20.168195592292456,18.228912546574392,15.467721448055165,20.429750336116236,6.5223510818514585,8.152257478960276,92.9492982137559,85.11096889347222,49.507664137536715,16.627007548636065,48.64091590503998,71.75852808582553,58.89944039292465,132.10526898285087
1470,21.874597011740565,17.635899613059884,17.636194177656446,19.90184029258821,4.891367003887992,6.723146368058321,94.11401566688983,82.058617473349,52.680955801165865,19.56609597252574,50.22688196159425,75.01771272307961,57.088403678610575,128.8452575648481
1471,24.8341218009042,19.01388017915374,18.58898198817026,22.176774760533963,9.783001439990915,6.522392657501128,98.86706924828485,79.40739238568483,46.94461403031085,23.057715622020254,47.47874595237503,72.20069084291555,53.90273919528653,130.47576176756044
1472,24.238132603377576,22.176214699565033,20.429196230376192,21.257595054662733,8.152032240326816,5.156253493253471,97.67643309616825,79.95804142803226,54.8072203755421,26.08712352941511,53.77986161054187,76.90699979071097,56.5967112681751,132.07605932470778
1473,22.708661049325134,18.5902617557173,17.635607095854844,19.632781898032032,4.892270914945779,3.646334011794407,99.51063050794767,81.6675904840851,56.14886805876976,34.27786043557705,55.72215805855341,73.38824506185895,54.68600721727926,128.84627751292032
1474,21.7522081600162,18.589863275721026,16.058135053147538,18.228447220369482,4.892429380531558,4.892270105223485,101.72899898976075,81.09619601395563,44.532273469508056,26.889735962586204,44.35225981607238,65.72452408097523,63.92060740474296,128.8452771222137
1475,20.16829812177442,19.902546313916897,17.63637914493677,23.514598465446895,8.152354587554738,8.152061002125093,99.3366339704102,88.37424107895335,42.39170363271949,21.25808225632521,42.79725533512607,62.49105293578341,70.78830599689141,124.00948946459414
1476,25.310795220153206,18.228452553318334,17.560153378100136,21.25846988635028,6.721733020466982,3.646133391429895,88.17913761724488,92.60516224086012,48.85915327186163,22.88421672139718,47.479663433207726,66.92749410268334,67.34223682697066,129.309647641461
1477,24.238015582320283,21.87450676580753,24.072581222936634,19.70116009747247,9.782001608674003,4.891008341343188,79.49084292995549,107.91738073104851,53.23246074457286,24.67337346396096,49.048975461885824,73.53191589032815,58.89851264505175,128.67047761031787
1478,23.739620304278198,16.62692242563841,16.786363925251287,23.514589489205154,4.89208354263293,9.783108701732962,68.55547838708569,119.59023019053414,54.686622679335706,26.290098134906177,52.63103049641387,68.5566405576002,60.41411381286223,129.5041665059315
1479,18.59051634041786,16.627215672173374,24.072489329078397,21.25849915723613,9.918044528187268,5.155777597068669,61.28860017524274,126.17699989940228,53.307801422118686,26.289957958447943,50.62240643766454,70.78818475459775,55.649443190976605,124.70477196638961
1480,18.59033717681851,15.468152492338724,23.343845324192817,22.650682708638698,6.7229568132314474,5.156077678884282,61.26661808804465,125.49017344555547,48.477326542295245,15.032099024459463,46.37511856604232,77.06343722597593,60.326164994573126,129.5041887753441
1481,21.752116673400415,19.01338838795654,21.25889449131007,24.834259516192752,3.645739133893122,11.413000031578079,63.41986184980632,121.17935014172342,53.97693663342108,24.457016532336194,49.881755653279704,70.58148671734031,53.90281765793016,133.01816103058965
1482,21.19642371290261,20.430115849463462,26.29032483084227,24.83419781800647,8.152393327518105,1.6304650874768785,71.75790724335062,114.4787313027577,54.68619395503778,26.290041004374324,52.63004066654438,75.07090781299036,53.8287232563078,132.14604075419948
1483,26.989029599230292,24.834157359798024,26.29028413782213,22.650563827598262,1.6312408408631474,1.6304610123826897,88.95919007483238,101.37563977422508,55.17059521421027,26.13788246450954,52.19880095333532,76.90709817595658,54.418069468591156,130.6896170400122
1484,24.07336680626588,20.42929041666217,20.88061209791085,22.651389347728685,3.646352011803547,5.156228811746871,103.63173780056376,83.93221194597866,53.976921442451975,27.90817474516312,53.10864411568997,75.0708899508731,52.19948715522945,130.44519688632934
1485,24.073376504431277,19.01489279557057,15.467838883845427,22.70961230421869,9.782145252594834,8.152025034383099,108.99563998086441,75.23069348195851,55.45828386966999,29.34814679173672,55.45919433935672,70.10904248977427,52.27588937965935,130.52666966536916
1486,23.34475992051285,20.42970994179862,20.429801980449593,21.258441116056318,3.261044514802088,3.645862928861804,114.75745538158219,72.42193887938424,51.17021297033087,27.76597733973401,53.107677639196844,71.73900262284937,52.402795757938605,128.84530317839724
1487,26.98803335494682,24.887576666963987,22.17580673775743,20.42972553407919,5.155947148297886,2.3059070216037036,116.72202035675717,73.2790138662206,54.19857714042165,34.23901112899195,54.662436799817755,70.12800901242834,52.199459514095786,129.06283670566052
1488,20.623417781240416,20.88064347469167,16.78666802153312,20.167337685198692,5.156933555177467,6.522302679056293,122.72762284692568,61.526630813304614,54.686640441024416,34.27785421881713,56.14926963102161,73.37005105469142,47.39434447341073,127.34114786654303
1489,21.196309760866598,23.058201711538572,19.08407155038528,25.31246483283126,6.52252155575502,9.783653051984228,123.74183993625722,62.639248225831096,51.78999400250456,37.641539909055915,55.458300914215386,70.12701005119378,47.730581741454614,124.18095326862216
1490,22.650634659572436,24.23912471936698,18.22912027881767,25.78063215851334,5.156816991608621,8.314234819970187,128.39020428606796,59.08026519209326,49.58795618566495,36.2010810201115,54.19766420053589,71.75760691407378,47.7305610726607,125.80750139862243
1491,21.87495920722526,23.05940516315804,18.22914221071197,26.341150240572492,4.892414279973478,8.313772810950528,132.58762758625488,55.38739702595281,53.233262305705296,32.64874407700021,54.199042580473765,66.86796634982879,49.34600430218199,122.38086648778756
1492,21.753495012891655,24.23828152554754,18.009086819270877,26.341287266132284,4.892341672119845,8.313493040173288,134.15283771278212,53.08303937699496,56.15016459466021,29.39329038555702,56.314792947876555,66.84802919215886,50.77911599301621,120.75223407244124
1493,23.057880347012013,26.741222212601336,20.16822309435221,25.311837376176946,3.646195400973965,9.783208935101218,132.13560687021922,51.996322379576924,53.23370562521971,28.146226425569406,54.80806694099246,66.86795754238057,52.274822107540544,122.38003064430116
1494,24.940402365800708,27.765782685216855,19.632866730482846,24.834021886038183,9.918030952986596,5.156373981537423,135.27729888681333,51.893622270002716,52.68091618451601,27.71704241056703,52.63101831919624,67.16546196814963,51.19759358286285,119.06680966035255
1495,25.77890995067655,28.8456479048956,18.00918942203588,24.83492899440388,8.15200760886818,5.878435362428422,130.12944944994425,53.2341542301764,44.532284436983346,22.884209674623296,47.95240819696459,72.20074814066474,49.881782935337185,125.71352157040813
1496,25.779061229325585,24.45661669814956,14.764456835945067,24.239089396749264,3.2611687852733344,9.917019608233295,128.55734521841012,52.19965526238715,45.213536158738094,24.511270094825793,47.952431014213374,70.2784070955878,53.08327827659365,125.71358992372615
1497,20.168307366674295,26.541691810104982,18.008014637482063,26.98853433613323,8.152266902223502,4.611864260189114,133.058114539466,54.198784057501555,53.30812012546707,30.97808908168296,54.19828949271291,67.16540622918029,49.88203789326265,120.82929967007811
1498,25.778931948369014,25.467914396327043,14.764539659407209,20.168978227294584,8.313559108560522,4.89100339523182,136.03128774885633,46.17389214452485,46.029839000888224,27.76494994888602,51.06671463278875,68.96177239111131,49.88160842254869,121.048242646358
1499,18.229121701326175,26.7404498835322,17.934008573414225,25.520915104094627,4.891543239530919,4.611936544824549,136.84937310542915,48.47634131436733,52.504437581038076,32.609007516695186,52.63017097598418,67.026791486082,46.37428842026497,125.92469007839843
1500,19.700753631707006,29.39353406513085,16.385494596184852,24.83543451074473,5.156475852711767,3.645993904767278,140.87001635120697,46.63155498585668,52.50436759761192,29.752770641669166,52.6311527357518,65.29966258172705,49.34591288149902,121.04802709243411
1501,25.778947684409477,27.1361204374792,14.674289729078657,24.07503238264953,8.313559210571906,8.152026878780257,148.29762805823268,40.499229147564435,47.39442871168521,26.290032758767797,51.06670323226442,64.10758606534922,52.8070487162443,121.19079002101816
1502,23.057792772254903,28.521756031479367,16.626837483063397,26.290675666536615,6.722878947363296,8.152644786576186,152.64343203197868,33.9283722015616,46.71722026643327,26.137982641918796,46.402344886973346,65.54330145965584,51.48129122957669,119.73473203609807
1503,22.88422165521468,29.9312126869134,18.229364943957446,26.989495962468382,6.522246408227508,9.917152622798518,153.85808253835117,32.15775149096729,45.30110164516313,26.087009299433472,50.570219927320885,62.04275955811768,51.81558563170835,119.73465474120502
1504,22.884207835457218,29.166352145364606,18.229463681787944,29.166510739977205,6.522198805140535,9.917098379416407,154.22900594881264,31.36133912880895,46.14438349884417,29.39330404608386,53.30770706749081,63.670564651321875,49.881564590601315,119.92319892047247
1505,22.709598592509785,29.93106478859071,18.229804785166642,30.63379605769416,8.313771115031294,10.31232164485185,155.81604297374582,33.01360160867411,42.29749824012745,30.064027986111533,50.01448434704331,58.89967958377244,46.68866857006289,118.30576244961601
1506,24.511507143517942,32.11627316770114,20.167147400817242,30.635023357495147,3.2612063283172006,6.72301654026119,158.63122304722484,29.974865898853334,40.76082555715569,26.889687326159528,50.01543382907678,60.41416742788961,50.962061798744465,118.30473476389227
1507,25.310769555419892,28.474415743913426,22.175765543550643,32.033974341211064,8.313462116350847,4.892025576462323,156.6914911967152,27.861064638856348,42.39090257361388,22.884207136239986,42.32866596116681,59.05723531653871,53.407765119825754,123.16039771103394
1508,23.34414488367046,30.633918381605834,23.739574105226065,28.14645895731252,6.721875219683548,8.313363024442136,157.9584266165873,28.14547158306946,40.89106156732074,26.541547600843646,43.900038593698234,57.088507324043796,50.779169893494725,118.30482509672733
1509,24.51127001920405,29.974847348666238,20.16754932952597,27.71834956968515,5.156286804574051,8.313388344614348,163.076530707339,26.542050278571658,42.2971329399164,18.009019400965073,41.27948445784204,60.348051048923914,53.407732789353844,126.59833474425797
1510,22.88421447478593,29.39261516206639,18.22856104952835,37.92281661069265,3.6465518688778356,6.721901124381515,161.81586364734227,32.77093437116857,38.65206289700506,16.628096067861318,38.37584407907877,57.15844135596154,53.4067981137084,121.74879643814262
1511,22.884147775680987,31.489102491249216,19.0147614270703,43.41450512109562,6.72307463742274,4.89100867143989,159.55807885681122,26.29015633642141,38.891955909532896,24.94126937960138,42.32781708901491,55.530010920729886,51.815584959522,118.5189473906008
1512,22.884200328829507,29.975813712084648,19.901725542204233,45.33091695387753,8.152000148499495,6.722650967901399,160.56259356188747,23.05846104722901,38.652982768547446,26.541737527865706,43.045384326284726,53.830097456330655,50.62219340053927,117.40290639341723
1513,24.45607440836703,27.861065850625774,19.901844858066006,30.06421585301529,3.645944410012328,8.152025464961252,160.2232069874524,26.138005464136707,43.075910908004715,27.717038811450475,45.41941520553553,57.088884222089,45.913594946180865,119.28937236089051
1514,21.25870568937482,28.47435788669977,26.340162194598623,34.394023383540464,8.152055795069167,3.2613473403501745,159.5583302164309,26.289952117945713,37.92351696837216,24.510454625849142,41.24673164502461,57.437214756132036,48.64099127632855,119.01037031409815
1515,21.25859958277703,28.474419294063253,24.238395716939678,32.608013170082124,8.313364857150187,3.261344873932753,159.24972356267764,24.6734758866376,36.45843258079138,26.290171179116108,42.79704859067838,59.25896724650579,48.64096157679076,118.75329046846197
1516,22.826012286084705,28.89191628195634,19.902507663535303,27.765186725466997,4.89110444555176,6.721879343427735,164.358758033127,26.087271180150413,44.77019274308773,27.909209340705562,43.90127868964238,55.53107554931337,48.63994997890615,115.28882773137232
1517,22.82604927719427,29.974800861681274,19.01478493977159,26.29010034099649,6.52122452649778,3.261021763710901,160.5634438461757,26.138149998127762,43.07599216565221,29.751787414330852,45.21345738881829,53.904118226264636,49.04924083352974,115.28888366743759
1518,21.445385082745055,28.474345581085366,23.343848295934436,37.641711831927644,8.313616574737114,4.891111055946306,160.85202461918013,24.457463858644513,37.9229726428893,26.13791245731836,44.85910390094289,55.45971504236933,49.04931678780982,117.6856807884231
1519,22.884194469301608,26.341285759887924,17.635625535563648,25.311524177815134,3.6461449233184724,9.916876263757633,160.2231453494192,22.88501659575502,40.85934972671493,28.145434301401757,45.21418977758022,53.83032999978695,46.68825252759891,116.72194660585313
1520,19.632917011342048,29.97581058341576,19.901966822764912,24.456189019570253,3.6463954086907613,8.780085774638039,161.47978628134615,22.886475401815453,38.16815236387973,24.941340249481335,44.50232124668584,53.9034309130111,46.68846233111136,119.03311011165671
1521,19.08406714056517,28.474341750593613,19.901871479106813,26.13811612716581,6.723073894177856,9.783006809813033,163.07655552987242,29.39351287895562,39.40079992264271,19.633358974965052,41.24687458211931,57.158234366924546,51.06672282999554,120.89480236205033
1522,19.834907258867652,27.861140547898657,24.94061483188172,28.14540863033796,5.155538486542858,8.152006840939334,159.88272061958165,27.767123239388283,40.268970453500536,24.51029107149315,46.02908770045123,57.06563975937025,47.057013193295894,118.31662917485698
1523,19.83490568296649,28.4743505339003,21.258620062776636,32.64889314544583,6.722645727796153,8.31337490788523,161.81605000484834,24.51262731987579,40.26907622421863,27.7170041760689,44.503309148945476,57.27589420825634,46.68849104010131,114.28252152829009
1524,21.753082527348873,30.633863250261463,22.65075646062542,36.45817959475785,6.72285260070573,6.72171857032883,160.5624204911293,24.672862411450566,40.89191996609644,24.51034945623766,40.26901284646748,57.08970904167503,48.64094589965153,116.39035412949343
1525,24.456000475575053,29.392902892000997,19.014436182770243,30.935471981899436,3.2619197463971714,6.722852605215227,163.07555339825137,26.08759744913332,42.29756489150739,22.88427112125722,42.39223540912547,57.065499400141995,50.226887519267706,117.68546174996018
1526,22.17672451711486,29.16599842461902,21.875748080994377,44.77052957835765,8.313586465914659,9.917053520427555,166.99046021830236,22.88579402128926,38.75457214963116,27.90818677505731,44.53149613473682,52.27625465785652,48.64097230387183,115.12785568242849
1527,24.511387302211755,27.86113899139202,19.085130874001415,37.215740265027776,3.261512946005911,8.31337318751184,164.6739337345043,24.457841742180946,32.81150456013085,23.344445839224342,46.717238390686504,52.19897532157091,54.19827242541195,119.91167823744414
1528,22.884124980768267,29.974932944200567,23.344327983909242,30.45915854940778,8.152046182008469,7.291834214514302,160.8519852159523,26.291327701461483,38.65263298802599,29.752941642775454,51.79014314186699,57.15841402436572,51.81555355501985,119.5907589413324
1529,22.884136323946002,30.63260779465187,20.16725453009409,32.485764962229595,6.723145667819856,8.313395162969803,162.16877943960202,24.512525725451027,38.89169596617649,31.657193899145543,51.79033444936657,57.08883255501326,51.816528181080265,119.91271948213839
1530,21.44441318786039,29.166021696026366,20.430122051913674,38.47952473295191,5.8784382898393,6.721922187669943,169.79325599452062,26.138059512953966,43.07584925008447,31.36173433854106,50.33356233533347,60.349178055549096,53.77985379495747,125.44839557741625
1531,22.88412499918053,30.632692343966504,23.0576718567181,27.90912421588771,8.152002547719416,6.722852710816232,165.35057908073028,26.542205724756464,40.49903194952165,38.75509948368215,54.68702241495524,58.69645623816825,49.04904007298583,124.39526886553745
1532,20.623122501180084,30.632577587818854,21.196597085360633,28.146340129404013,8.313646129438096,8.15200484740409,171.3275271180922,29.751956848563097,45.33088886372765,41.568216476108326,54.808590337618625,52.19968045536767,52.199209317375995,119.91255239382777
1533,24.941408008681613,32.11582273526927,23.344549794451495,31.657117182716682,3.6463352754304825,9.783028867521363,168.46369667900314,29.528720792857424,48.47610019217765,42.889639124131975,50.35963920124289,52.17414956666944,51.81655532125842,120.36463806533844
1534,19.836011307060303,31.362880257838533,17.559750459196852,31.657045072518315,6.522309723391238,11.528836383968862,160.95150907218374,32.48700561610171,44.052217689193704,34.04405984472313,52.680947066265965,59.05725642556043,53.4077536486189,119.92324377871869
1535,21.75307476177165,32.81125838555491,21.1961034859387,32.115833216977606,5.879557131017586,6.722633970047817,158.28636354656604,32.03270588685255,44.50203456650869,26.289935729303014,45.91393147567549,59.504813339401785,55.3626721058738,121.35512558461758
1536,21.25781896348023,29.976312238000975,18.589951972513454,32.81262177977407,3.2612377929130156,9.91811996534205,157.0724573255583,28.47484840062838,43.90116599516051,23.344184437629004,50.622162610044306,63.67068066383521,49.587705127211954,128.0179208406288
1537,21.258598074755604,30.633375771409295,23.05765850842063,29.931558478526018,8.313562460579707,6.72260602048403,156.81081483765584,30.63330546307333,45.21354663648327,24.941538830479686,48.64099652826196,65.72553352094121,50.227072599393665,126.06096539166501
1538,19.63295464433229,29.166848044035884,16.627201020371857,26.98904988746364,4.89231596191425,9.78206919068071,155.46532013574287,31.36174412826945,43.044418980493276,23.344349093217886,50.62215238775252,63.670601526364095,48.28427086607153,126.06081107210152
1539,24.67349987643663,31.489337808659304,18.22830854830035,27.718232650514278,3.261050014906419,7.291843801837856,156.04544470080037,31.362813184203095,46.68832799600449,21.753142931447925,48.640001359570576,65.40021993517684,52.80727131928043,124.59784228363509
1540,23.344354182607447,30.632903863943405,21.752088695498863,28.476166047348705,6.722620539893289,7.291950111369638,157.0724675382411,32.11582375029552,42.3909627974056,24.67349233622049,47.05714487942935,64.10745329626594,53.08337819772799,121.35536822085157
1541,22.884321562941775,27.861305189875722,17.55983160894204,26.988348374771352,3.6457162232785127,9.782143351523978,159.24962779295942,34.54862039566853,43.41348297163454,28.891922752041314,52.63009273884364,62.04281665178651,49.0480233360608,120.82834347800362
1542,21.258674205724933,29.16666731129244,18.229103694264534,29.166676949202795,8.152108111173193,8.313802820668958,158.95714307756074,29.392555772052926,46.63195753568238,30.064075571495273,45.91362704759914,59.79534284687741,55.36245146651971,119.20067560406028
1543,24.510413596739177,28.47462313221623,16.78655961166177,25.780472906068518,4.611750531875796,9.782191481178273,160.85202428180162,32.48605697570154,48.42127508934622,36.09118343227352,52.63106040219881,60.87454722390983,57.34448242655793,122.55449633913842
1544,22.826090427206363,28.47472598297701,17.022313693403717,24.88882340185398,3.261151334711279,5.156444970524703,161.47978779969407,34.54857035595204,45.681309537993585,36.78480168584638,50.6222748517648,55.81656764021603,57.34352430964387,124.43752827296976
1545,23.344161714353564,29.166745980608138,21.257587778650798,27.71722139551884,9.918037875512466,8.313775897961229,154.4440463027441,38.75463299656481,47.02861736247025,29.75276536172076,48.63997108478815,59.50570579778055,58.53692642359162,120.66410105293
1546,21.445397049437034,29.166625062544057,17.560139186851817,26.290346098841397,7.292119089990281,12.417547959374293,148.04606550069326,40.269138465272334,48.39412717989657,26.290030253781982,49.048282888758045,66.20812653724025,55.0012297483233,120.66420293707644
1547,23.34418787987794,27.717016178642123,19.633042970911664,25.312325217633884,8.152001026513664,6.523291344349406,144.22686025986837,39.26623195073596,48.85915675697094,24.673524797102235,49.88178313437709,65.9465294997943,54.025906161563626,125.58657824592919
1548,24.672455432044583,29.931091639259797,18.22918751371481,26.29097417238516,8.152107057984562,8.781028800252527,144.22685839079057,40.76124471926758,46.71718379207385,24.940490330328334,48.28446128297277,65.9466889540758,52.8070850787587,119.20082575711652
1549,24.941318907509668,26.290576007074208,18.008462327931504,23.345540178423832,4.611754777980389,4.891138891873772,146.89332403974444,42.07646326251285,46.71707973807157,21.258723103668828,49.58766777214272,66.92749878134764,53.40678118681488,125.58668897042487
1550,24.51135643195724,27.71819574606417,16.385443362250992,23.514969086687934,4.8912767160307125,4.61237236685902,145.83125537785767,43.41318797040819,46.717078257829414,21.753288800488242,49.587671539710605,65.40016633605833,53.40680883002994,122.29404069422642
1551,23.057886511277676,27.717785705041894,18.008192663910776,24.83471396734818,4.891173464849635,4.893316464628152,148.76300886594322,39.80396665933091,47.39453790238747,23.05791201012973,49.58788237018592,65.54330072915458,53.083406137982735,127.2683670453411
1552,24.51157258631029,27.718313429760055,16.386037454736886,26.98932116433132,3.261084335494738,4.8932413045466046,150.37221311331652,38.892019177131765,45.94274420772944,21.258916164434748,47.97980446371213,65.40015459273742,55.362427529226295,125.6395171325775
1553,24.673447712619573,29.166766089712883,17.022020435114154,24.88906201267708,3.646498764000348,6.9177605091879695,151.98073896200071,38.75549950530924,46.14520747426659,27.331060484585873,51.81653647757186,63.77491435887098,52.199052073128925,122.28221860766712
1554,22.884247980892052,27.71825977125953,13.445538649806503,25.520567947474095,5.1559011326828665,9.917237191724807,157.07343853770942,35.12002660780137,41.759784930273284,28.8910660485643,47.478814814003705,59.50560707120341,57.34447698105396,122.32652873510729
1555,24.45610647530708,27.716975485476524,15.46796015018516,29.1662528306317,3.2611487161330373,11.528821639839702,160.5635758649402,34.586624347905115,45.09562241699755,28.890999500804575,45.91357794149809,55.001154608438355,63.419398768108216,117.40339654982127
1556,24.45606593445728,29.166105424605277,19.083796556326654,31.36267061293131,3.646185011964757,9.916912781444063,158.42123444944676,32.77162927918677,44.35303763845678,29.39295060184395,48.28446104671291,54.68617477293305,62.491348840293846,120.65210237826354
1557,24.510346844570044,29.166511920972106,21.87458934598831,29.97589833673188,5.155493740372999,6.522002739686935,160.03187185368827,32.03267931902707,43.044644027829534,29.974814940709248,51.48096981346942,61.3961597274127,58.92266096374154,120.65305236879588
1558,22.88416788759981,30.63273311967848,23.05762111213394,29.976430044156796,8.152028980393032,8.314579579124809,158.95614507662458,32.033300391075855,46.144365137832224,28.474016213124834,48.64099548556829,60.52409389819078,55.00121864952676,119.12152639156926
1559,22.17644019503364,27.716808362213,21.752250921723,29.165929390784456,9.918100274876167,5.878537461971401,156.04563223499204,30.45979626621341,43.044151297436734,24.67346297882896,45.47651495118734,62.72453949344228,52.807230729994544,121.1908962444879
1560,21.258856563930234,29.931127770731504,17.560205393647525,29.528954234909847,4.892091661325287,9.91710006667691,158.68106141810756,26.341333264931823,44.5323247814072,23.344379614577925,51.06671193205242,65.23844075431857,46.37415598546351,126.5982874427006
1561,24.67246423591155,27.717701621163314,19.700889008877212,27.909477359289237,5.879617920988043,8.313365692156442,165.00444157093423,32.974022312683026,42.29705668626509,18.008989468571553,41.91760211760609,60.348092087698774,54.686329656790214,122.97671071680554
1562,24.457236615912407,27.717216471050325,18.229054730924737,29.752858912221015,4.89131897749474,10.312200821960769,161.81583471379432,26.140543201899387,39.704496654961886,22.88455004103242,47.9526434574582,61.97821157336837,49.587667827565916,125.03384011012386
1563,22.884159559980663,29.930894276480092,24.510262260932237,27.766005413751518,9.917070922552885,8.313562474969757,162.75824174135727,26.139259043818484,38.7557524632873,23.0582913937881,46.402501034034955,58.69557751330063,56.03124139172917,119.01054700986901
1564,24.510392266061327,28.520799916669258,19.013937951966348,41.150158197158724,4.611884332974612,3.6461351858647117,171.38983520769742,27.71759931374727,40.859267066309464,23.058001581122276,44.85911412387197,57.06655941251762,58.53661296476663,120.89395302090607
1565,22.884223511047303,29.165981443228148,18.229053881462523,29.52864740967599,6.722983935328837,9.916891481362752,171.07067706887426,27.718781096002417,41.66459990908164,24.94126563115203,43.32223869571434,53.80571897714694,53.63078653211048,120.3649965203602
1566,22.884143869807012,30.63295825446607,24.672391761099266,27.909228688538164,9.918138510813892,8.152054299409242,171.3888607177304,29.348418128902992,41.663617444588596,23.344129422698266,42.32874416970782,52.19974951059419,60.50245534783016,120.61975255464986
1567,23.058753513592738,29.93096596742415,22.709597039333303,28.89153856134048,9.917878102378308,6.722623524114312,167.5624211961046,36.01728413407168,40.761920220323056,23.739507668932198,46.37516525207355,58.89980429066568,53.083117312218796,117.9448796407253
1568,21.25868724337947,30.76301289165248,15.032275988417727,21.87450985016486,9.78309844356803,8.152015108733897,154.22926832852824,36.640246030105715,43.90099303936637,24.45605973428277,45.91387279296162,65.54233638594285,55.002198927119366,121.54122849500042
1569,24.94159363935192,27.136322092074636,19.633049667499975,25.780708070963215,4.611769049642048,6.5219650103400735,148.29859970554378,39.46895384945539,45.41825596066882,22.884128646504386,49.04801707858707,65.21805016770632,54.418063094872075,121.97786375926974
1570,24.51143107122723,25.468534157167625,14.674072549106752,21.25942432278256,9.783043915467687,6.72262522643356,145.19127537216903,41.56843846148097,44.85913485586648,19.63299124747821,45.91358204832998,71.81308398425048,56.031382586664996,127.68538933627822
1571,24.510394191700936,26.741214707973327,14.674075268990524,22.65075553652381,9.917057213752194,8.78023025284074,144.5306043609412,46.17348956473824,43.321887658370706,19.633051577205617,48.639960966498464,73.82152966123424,55.00116089368747,127.26819814004406
1572,22.88421092802631,28.05081028892465,16.385305535348895,22.650750248078673,9.782029077354077,6.723207742309036,136.53906979574376,46.1742258197297,43.900792079117174,16.386435417332233,45.47740820366091,72.03483022485891,56.596698133107076,127.18464600262473
1573,26.29003048160065,27.716865810411022,16.30405779292143,22.17608122011179,6.722426199271323,4.892295568737506,137.8174892827655,48.42165686815148,48.85830617802526,21.196151485080897,49.34593658420528,66.9274924126843,55.36265133378033,128.80513706532224
1574,22.826110092594337,27.717407377936564,17.934024660601978,21.25870751881441,3.6458036484650598,3.261001769335484,142.93123562740607,48.91248580730363,45.21337078438358,18.58995905162848,47.730654972270834,65.7246359027252,61.870024945733526,124.08457812790633
1575,22.82638177671528,25.467970132296625,14.674062289479876,22.177016666274675,4.8914295478243,5.878435713285974,141.6603756279932,46.34550481800633,43.748801267440925,23.057779717317917,47.057069868178324,62.9985450648157,60.32589114796649,119.06670815578858
1576,24.941268467235307,28.521724538824227,17.93500851047426,22.17605557315193,5.155804594047778,6.72252741687235,142.00711477081737,46.14498783787127,43.07577060298942,19.834906195359736,43.900495699074874,57.89850765521177,64.50040881669649,119.12258130628629
1577,24.673675280319692,26.290070742367394,16.304043610224458,22.709128009706653,5.155930449946072,6.523281296233965,139.73254940045408,47.028818816874406,43.04534207976766,19.632782887307876,43.90052393152219,59.50591821016804,64.0666261119834,119.20063230406598
1578,23.344318852898592,28.051929924153168,19.632843956098057,21.875144721297026,5.878061684043825,3.6468944269359023,137.2381846901514,49.58827787473527,43.32209168473381,21.257601024387387,47.05713154126221,63.92061937900295,60.12791663147369,123.92394729176456
1579,22.88433467534266,25.77910884656305,14.674099454776671,24.07408403759036,6.522335467821448,8.313707434968011,136.53914062274632,48.47715097183168,44.86013315955839,22.826097955287604,47.47895683676898,70.12797851449584,56.29049320549249,127.26830364482184
1580,24.673604023062463,24.456572963856527,14.674228390639161,21.87519744259233,9.783005655183958,8.31364527137168,140.72848312111105,42.673153096531415,44.859948482668344,21.257902796041773,47.47964707698491,70.27845234353491,56.2914475000699,124.08476222824726
1581,24.941277625918982,26.2903785650039,16.30406249098304,24.83427061781849,6.722041232597093,8.152403211848686,139.1225847082466,46.174136439509056,47.535068951159566,19.565072601194142,49.587703010117345,66.92749246248648,55.36338118386072,127.18470216152275
1582,21.445544011353974,23.51478648026212,13.04321729610916,21.195801450264664,8.15200612365225,8.313480790804821,140.45423470035624,42.67349492843124,46.40336641700767,20.62355185529806,48.640923674921034,65.7256941233706,51.48208158190537,127.18461032804122
1583,24.510335160531806,27.717282445244226,16.30400820709073,25.52102718438831,8.3136284342095,9.917128398345955,140.45426179712354,46.173737694068265,46.030039454378,21.258664526894684,46.6884666204956,68.49842063392725,55.001167052260975,125.58561862576566
1584,24.941283096373404,26.289899045587998,14.674042786842874,24.834199026981267,8.313575056612098,9.783171023518362,139.12340561483694,47.61913773403938,45.942357670529795,22.884171906779276,47.729767378501215,65.29848899391507,55.36264285325556,123.92391612724899
1585,24.510439134342768,24.88836234458828,14.674124726606525,24.238527711901682,6.722764183253938,8.152761275231837,142.62311121423386,43.07605195536949,42.51686085422584,22.88534833385083,46.688505980372085,60.41423999883282,57.7821282280989,119.02212056055656
1586,24.511334469296614,27.13586788973038,14.764272753435911,24.88882689347345,9.783005263307606,10.31172934774058,146.44882922556803,43.7491732628527,40.76096396511943,25.31170420400813,43.16870982996937,57.15911166514238,62.490478805904836,119.02209736950329
1587,24.67240902531023,28.520928514675443,19.63278214659575,23.34423285263716,5.157002413284762,4.891456802947787,146.72126800702029,46.71747474666506,40.89145842367382,22.88413925330647,42.79705095806959,54.68625943619139,60.32621817425888,124.00955728250344
1588,22.884649438271364,27.7660576523253,17.934015832180446,22.1773735989519,4.892106004782031,5.879418605629668,146.7212059966289,48.39454211768801,42.29754561089096,23.0578329308269,43.90049772850594,60.52403265753177,61.37372239049744,127.18448742077925
1589,26.1378820359043,28.845582005021207,16.304014175962898,23.514285007520197,3.2610957207963334,6.722889246694547,140.25560083102542,49.58789516390152,44.859184377460764,22.826042292162718,47.47870351774312,66.84800489650664,58.53685799647845,125.80852951684973
1590,24.672488829366554,29.975758408516306,21.257705604728738,24.834344698395753,3.2602687917556645,6.722916007595504,135.71861476480177,51.995520724501816,44.352496131260246,16.38537778521593,45.91386729216357,68.49745848267372,60.67754624311119,126.3989389685294
1591,24.51039257258622,25.363934271238094,18.228909896351155,23.345097888317056,8.152191279896817,6.723051428705932,134.06339954145722,48.6418097189743,47.95244513114354,16.30504977617429,49.50671757311353,66.86789628022048,58.89856569637322,122.55469089134208
1592,25.310633943901156,26.741125540497418,16.385571493010612,21.753280262691483,3.6464835192838447,8.152001558616188,130.56663322742713,50.64883904592786,46.40327395428347,19.835271030106053,49.04927304278555,71.73901942601685,55.817241202857105,127.68528412106158
1593,21.445703838601883,23.057648852941142,18.00891907656673,25.520717697224782,6.722743681439092,5.1561505606838836,135.27731981612285,51.89372209757401,48.47642926349511,17.935140079832806,48.640915588037714,65.23837174330457,54.68621864438984,127.26807252685016
1594,23.058404539012894,23.514374734115446,16.38650887541933,24.834965790585606,3.646407370423071,8.314514785818758,139.59030352297376,47.39573655410965,44.53230112626769,19.63387857408215,45.09595322456455,70.12797253819258,56.59668960067916,125.58660763845496
1595,21.752218819609997,29.029619669377773,19.63294774112662,19.70169451103491,5.156000638069745,3.2614550374704168,137.6152951261307,49.90817237308055,42.39179670032783,19.632783658695065,48.64097373131102,64.33509496242404,58.922493541569054,120.66314535554864
1596,25.310461584558198,27.71840438224481,16.30400814300048,24.238425997873687,7.291998190721261,9.78224937745913,140.06624013692863,46.14491916356195,43.07575228971419,21.258699736166555,41.918333512180546,55.817426512200925,67.02648123240841,119.03323680658978
1597,24.67395083918988,24.88794288374534,17.935065002234285,21.875365906979088,4.891219605558637,6.7230798896821415,142.37148614565794,44.77024414997527,40.89137178063539,19.632786069878136,43.90057664599355,60.87450067031036,62.08504953440889,117.43739000460664
1598,21.753893954450525,26.542374516442077,19.565024120641507,23.345212040003105,4.892455671744345,5.157220439876618,138.42426866226015,49.69516912536842,46.944202845302925,20.167098505734646,50.6224024491551,63.92067732822641,63.31423194457381,123.9559497022647
1599,24.940481208957642,28.050823051246212,16.38643993023577,23.740787825214543,5.1560404124414285,8.152126241381678,134.61786046824577,50.779992372352396,47.5353077117471,22.88419688033544,49.50672316226976,66.86793370540276,60.67753189649984,122.67378123406812
1600,24.94034676817888,28.051400796645705,19.084054030863065,23.344372588104115,4.892418572446143,9.783129299401308,128.39147880303003,57.437744588728634,44.85897660847944,19.633146167562867,45.47740381076761,73.37002350480367,60.677425251025774,129.309778336772
1601,24.67344868923117,27.765779680989823,22.884125059617766,27.861280252338435,8.152078744747362,4.891061472572558,134.05354459749051,56.505059030288656,48.47640673221386,19.565058797181162,48.63994370080019,65.21703961736716,55.530919650417616,121.19082219311626
1602,22.709723698326624,27.669603678990086,21.258864961649873,26.542295560107082,9.783036418701375,3.2630255365266128,131.4998645398326,54.492658987999484,43.32191294349135,17.935002133955855,43.16791670651369,70.12794749673171,56.29151507524034,127.84128925326932
1603,21.196474795286665,27.67020782957908,21.257856267793343,24.94185465814225,8.152147569849356,3.2626367090991235,129.4630692938146,54.783705705466645,46.402388428745596,19.56500562274105,45.094961782944836,68.4984363229485,56.031336008018364,126.0617538176397
1604,24.511412503208554,24.456408642163392,19.08404350061232,25.310800424578616,3.2612414659489395,9.783043249832861,132.13571545480949,51.55999446276148,44.85990342946909,15.032044253628609,45.47739612198276,68.55564116332143,58.89843882224783,126.06106406807807
1605,22.175976747486008,24.457105906650547,19.633045741135923,24.67331955799644,4.891280269451055,6.723036866381456,131.50012492732625,52.50495582611459,43.322005144646646,19.565251986401837,43.90049696335555,68.47900037118599,57.897357583406375,127.84128159308064
1606,24.510451104270803,25.468458991721473,17.5597286870813,25.780264372429563,5.156811607201096,8.152047149708824,129.4630936284825,51.55933082914134,43.32193230898169,21.25791666500462,45.91386790434039,66.86694593371232,59.05714514200547,126.21895011645087
1607,23.057770469128762,27.66912589365132,19.565015470395515,24.834569873468663,9.783007429786062,3.2615680705208585,135.27732397557781,49.695235762465785,47.95243870822215,21.257600162889123,49.507660640564566,63.670575862948674,59.79530654999353,120.82921133642428
1608,25.310656779765797,23.515338205022,14.674051134915745,21.4456076007472,5.1570790986333765,8.152026245700867,136.8494026371903,47.28225100733321,47.53529594788386,26.29006363683855,46.94423715438791,61.95600000398841,58.92159106198361,120.69704099059996
1609,23.34472744349459,25.780433349537844,16.38632454501281,23.344517213515697,3.6457530140601646,8.152270572273762,134.1518781549068,49.588125106344755,44.50199932535031,24.67245554378734,43.321882338292625,55.43502084608266,57.64435576796507,119.12250763761
1610,24.941281390893376,25.77899343067385,14.76439717155412,22.176876629978327,5.156397758190896,8.152174884434446,136.43125327198342,47.28378107205052,43.749713711111376,24.67234909463389,48.476030714904894,60.32601514384178,56.031394141078,119.06667731438762
1611,25.77897980712316,27.66932318550647,19.565352839138985,25.780031523471116,8.152096070271112,3.261186727313258,130.56661329150077,48.476372907552246,43.04465850993232,24.941361603569348,44.85898984760493,57.06600717280426,56.03020255134745,119.1225364000265
1612,20.16857133836526,25.364581998031017,19.565070381816696,25.311842935507993,8.152147804603384,8.15276176726695,132.58762007170301,53.084002037770425,42.39115839722222,21.196007208560815,43.321895581963034,61.956025912918605,61.39614587584871,125.92368306636594
1613,24.94055544152699,28.845718114817444,21.196204168178088,25.7796810604821,8.313680250295992,3.2616884186108512,134.61689541245437,49.695222368509704,43.90104349049587,26.137893991311298,46.4023233898939,61.956042776859476,58.19515974306914,125.71325856016728
1614,23.344686366785922,25.780311613496057,14.674140439562358,20.167801242279722,4.89122756995871,6.5220104210497,134.15282649231966,49.588270682957344,46.144678694983234,28.145320973375426,48.17432317940877,57.06604286896626,60.874313359078066,120.92725992141305
1615,21.259238596102158,24.45783972870077,16.305010430669746,24.834231188496425,4.8920918144269745,11.52901468927963,137.7410551121288,50.72698001486463,45.21380873043427,24.511269295138685,46.0290349639834,61.97746291582721,62.29846627438453,125.9246662352212
1616,23.057789490435198,27.76591890765665,19.565041638934094,26.98876852982039,9.783032283892771,8.78033249785353,138.21290726928274,49.58748308530903,45.41862460880813,21.257596030941052,47.952387024741725,63.587004140506636,57.2752263279466,121.35528157395451
1617,24.67246382351186,31.149015154374247,19.56500744222258,26.98989657087679,9.78308748851181,6.723256423648378,144.92534795677528,42.67274195942966,45.41825966266857,22.884225202638103,49.506705085550514,65.21801930396269,49.5876679547002,119.92331854297538
1618,24.941667212669202,25.46871719171971,16.305641486406635,25.312176211939793,5.155695618666425,3.261072039832324,149.60927199014117,38.20352952582645,43.90139414431316,26.087012310106562,44.85987836385179,63.587032390266174,49.02180605578419,121.74873605187082
1619,22.176742384734663,30.328110031779286,21.258664259508286,26.340487471809297,8.313590107240598,8.313748810408518,150.07962653420762,39.46967467705309,43.044409109954756,22.827057947953456,44.85987339391857,61.95700845809032,53.08244660060047,118.51819429101658
1620,23.05802032090431,26.74127196518663,14.674002745894807,22.71031971232122,3.2612348555484556,8.152003153145843,148.71818187887803,39.19895392882057,48.47653226166495,24.51028126399291,49.50766634242347,65.23837141591758,49.15717251073123,124.77884255362113
1621,24.511305590176708,29.029234496232004,14.674000108323849,24.834497960429918,4.891229706772029,8.313363039478594,146.72119564321167,38.063012948452254,43.321070618558984,21.25872389857578,45.91263140104617,65.29848767390668,50.779336915729765,124.59766410603451
1622,23.344233677025404,29.393989215300902,21.257670758905267,26.98880019933917,3.646249680934614,5.155608284042648,150.7242576894575,41.150763908598385,43.07589189302451,24.941323257901246,48.64092054359695,63.58700176239512,54.41819321448116,124.29858211323818
1623,26.54159549103656,32.36396007811563,17.93501060947732,25.520766639269013,5.155676828190085,7.291962080529589,155.23358355392392,38.65202467040102,37.21604816498387,24.941275902745996,44.8589525901756,58.785622548629746,56.290683784755416,118.11354543832532
1624,26.290065609762596,32.36332868231001,17.934010241313985,25.520773865037896,6.721845393747199,5.87938781610484,158.3545319597819,37.923582606968615,37.536390224540376,24.94127148385539,43.32062096257653,57.08832933365525,61.719982920354916,119.73453994444631
1625,24.511310529704446,30.32802003848005,19.56610113610019,26.341303984646704,9.91710100203256,8.152485216976828,154.67650034395584,39.40068861614479,36.457747099681534,26.289906361295742,41.7919150995684,52.2758632438058,60.12792750031023,118.5177996344528
1626,28.89191545911516,32.28122217394437,23.057763812439507,26.989023739566495,3.6457305919062564,6.521085320417468,152.1210690804733,43.90097533204433,43.04517379374368,26.137920015821425,43.90079981664169,55.4590070320836,62.999485732528605,121.54107724173178
1627,27.33106244304173,32.28132790673937,21.258659082971334,26.340282201937292,3.2610292164308783,5.155616483022726,145.42942911901298,45.331732450322264,40.76055030026737,16.304065596347495,41.79098351107239,62.49007463439488,63.77497897861548,125.71284480877115
1628,26.34111280481711,31.150138726831994,21.257792502104273,24.94182816636197,8.15201754472896,6.522006859273394,140.83297607724907,50.72727618733362,44.35268265786552,14.674022934803371,46.94337827359594,65.72451744781564,63.60793143577879,125.20411437610997
1629,25.77985108799681,29.02916465346351,18.00921972043989,25.310961108097374,4.891343517374464,3.261000885373869,133.05781914945408,49.2923876148417,43.90062062882763,17.93414698869447,46.402341368177815,67.16543171229198,60.34801776838543,125.44831910838593
1630,25.7802201701747,25.468641731498824,17.935473592694567,27.331974961063477,3.2613601831078327,5.155532957764519,133.70515059530044,47.95350783091899,47.95256408598922,16.305071696027873,47.95244617168245,65.29948048671723,57.08841043794939,122.8146457468287
1631,22.175846632971652,26.742853772363123,19.56503728230603,24.942109986612824,6.723334013995097,6.523102667000239,134.15190260585675,50.93753231449215,44.859059626951584,19.632881268419474,45.47741595555643,68.47800025814783,56.03130097040339,129.0617518335712
1632,22.8843119122033,25.779929618473805,18.229144105556927,25.779936879276427,6.722974774342143,9.782063167027422,133.70609084573968,53.23276852725403,46.94454302347557,19.633778535175605,48.28446491684887,66.86797944656048,55.64935562833555,124.08463975191066
1633,25.778890521124058,28.844932247535304,19.633052558231512,24.940869961222237,6.723000367917998,1.6303129427701863,129.30875659173523,52.021938943331804,42.79731671029045,14.674064218496808,44.353453408654836,70.1080051541598,56.29153130807355,129.17507925638557
1634,22.176957926283862,24.239431376330646,18.009025670803638,24.833877263235355,8.15216106624647,8.313791291219374,135.2773236613557,51.995833635487465,41.79191541668183,14.674041888445222,43.900531690612326,66.84803009337604,62.999644953800825,127.3411700443947
1635,23.058022107875814,25.779846354545278,16.627902703665765,20.16807016731506,3.6461324972482054,8.152073907440288,134.1528886338208,53.033177851719586,45.213382001597,19.56515830039757,48.63994339938042,65.23743126372104,62.99969052159291,119.06667646221764
1636,23.34438397946793,28.051030174614553,18.009008620140108,24.940405948023912,5.1565571053175,9.782017482505113,136.1780284772554,53.08316637633841,43.899972522674254,18.008919146110937,49.048318690599125,63.92067218109934,64.33424396546656,119.06671581339187
1637,24.511504820683744,25.468463881511315,14.674033396726626,24.073665076614866,4.8913709958506715,8.152369096196809,138.7029740621432,53.08348508310038,45.21338908401731,21.25871911241161,47.478704934895475,68.47900686636426,64.60330580441293,125.92465094223915
1638,25.311751320266485,27.136083996448793,16.30502829315623,23.73940725283804,4.891257900784234,9.91802766445524,142.43729146754717,47.28250650825396,46.688191624635614,22.82602805372345,47.95239375143231,70.10813294271907,59.795421661304594,122.81359272110724
1639,22.175679764997692,31.32114892789958,22.826039105186535,25.779253053472004,6.723118712516972,5.156455089725547,141.9981353329435,47.39547052660503,44.85987616434618,17.935017569292093,47.47964121559146,68.49757669369119,57.64461201317035,121.541385690854
1640,24.672596567917388,24.888286448840244,17.935000128868136,26.341145977217437,6.5220860505676885,8.313862595410617,147.8946304073293,38.063110553913624,43.32196897398879,22.8260895287117,47.05797833091313,65.2170924200277,55.00116039102883,119.73466501693663
1641,24.510327276183343,29.166513818458455,18.008918046985084,27.71822124726079,8.15215065444216,8.313603333638659,148.37881983388374,36.965035782258965,43.90130158919673,18.008091002660414,43.90049800245148,65.54234677651851,56.59771189574016,119.4235568295335
1642,24.510326363785225,29.931090721279347,19.834738974807028,26.988333091343144,6.522261594893724,6.7227269305430575,150.31842543934923,36.96515832246429,43.32204029203156,21.19504611643475,43.90050984573057,65.72466885667963,55.36337051084429,121.35611353371213
1643,25.31046572981573,27.718386523336605,19.834904085920467,27.716933531270993,8.313598323668097,6.722768983377004,151.91020059829987,35.908088312384514,41.791948601338234,19.632803553336974,45.4765045222206,63.92067551584752,53.407808421364365,126.39887411401948
1644,21.445395096552552,29.392617259052493,17.022082264188708,25.520767907408473,8.313655988702905,9.917870243304465,151.05932385150894,40.76097918247579,43.04441006332246,14.764406507646138,43.900495019122864,63.77493541524852,56.597799954381614,122.81358039176534
1645,24.510270309700726,28.521551117614607,16.386317451971973,26.291144246685562,8.152043446782267,9.917893682656775,150.29232944713956,38.202927188165305,43.32202996349573,16.304106066144783,42.328667435276614,63.92065528692094,59.795341894717204,119.73467645764673
1646,24.672561303071898,27.136066990391573,18.00900887100954,27.717713756646546,8.152014783207015,9.782184580585644,152.2960995380238,39.46844484162203,43.322203021605006,21.257760220294227,45.91357968151986,65.29854605737314,56.59766622786568,123.36532081463253
1647,21.258788676782558,32.608801762470506,16.38546224681892,24.83413932753193,8.15203817475751,8.152009213042867,151.63958504238275,40.76150851176779,42.39240545122477,21.196107918649712,42.797001901905716,63.6706474397789,59.794333896513955,120.36575451319179
1648,24.510411800385768,30.763063206378515,19.633779106163004,26.341296255596863,6.522096114476129,9.782185755783548,150.7251998302027,39.469773902227146,43.74965071414864,22.826024007856404,44.35222159306121,61.95607031079039,63.31516191830276,123.16033485196347
1649,21.752989975911344,31.65711247174796,18.229125718928902,28.47442075484472,9.91699811096582,8.313512040446911,150.72396152900106,45.33083238323754,46.40349690277485,19.834782434194832,50.622209744212505,65.40128965395786,60.52405533358685,126.06086658895754
1650,24.672598454805705,25.780039584328254,18.009016841923643,28.4745153309169,8.152014980014739,9.917295499608723,148.29860929633605,39.26670827156313,43.32195087492777,17.93515655225705,45.91358243005689,66.92655085384393,61.114110542266765,119.73475673343825
1651,25.31073097449734,28.52097717715605,16.62796231092073,27.71699133886734,8.31358379937134,9.917874998620176,147.13697765644702,40.36859099604878,44.85900141043969,16.386273686305262,48.64097170165908,65.29951959054232,57.6446011161518,124.43759346452698
1652,24.94029662878376,29.39405104011651,18.009064637755735,28.474574022452796,8.313419596358932,9.91789121984483,146.7843422912629,41.504718419616815,44.85902685988682,16.38627272617468,48.64101091333782,65.29953885953728,56.03050289381223,124.43762804113298
1653,24.940585681568933,25.779968077871928,18.009018940910813,27.86094964134575,8.313379324209684,9.782221317431054,146.78415131627338,38.06347628426518,44.8599552658396,19.83500508329656,49.04897603783386,65.40028795030189,55.81723712568119,121.19079283732577
1654,21.445386866551587,29.393968095556296,14.764415218844542,27.861587568218756,9.916925220024382,8.313396532368714,146.44881474913223,40.367690019840424,42.29750487709857,16.38634404444656,43.504992874494384,62.72453308584577,59.34891496311993,120.65202973892713
1655,25.310464134039854,28.521528503837853,19.084121351481794,32.6501119296342,9.918037663124759,10.311424585449291,149.87632299068062,35.79538588941104,38.891836303136984,23.057766244147803,40.334471196482234,58.785711793565675,59.94984320700949,119.03318524225129
1656,24.9405453945755,28.520615471528583,18.590352436185913,34.27991211604607,8.313382447118927,8.31390491198833,156.19831042126674,40.268874430374716,39.804762672038684,19.8350248917817,42.32871452689382,54.198189338104484,63.6711134554941,119.20056741234099
1657,21.753203385646067,30.328502559268497,22.17592027542505,28.148552357405592,5.8794434008701195,10.311250790933922,156.3261278536749,42.39083085289085,39.80422399589285,23.057762244398344,41.91860573161077,55.817423407599335,58.921652974263644,117.43734404700399
1658,24.457099538369867,29.165938921699205,22.88419757813935,33.61259456435707,6.722332707484516,9.223573402748418,150.29135386551664,31.319954283922918,41.790965206387874,18.0089381562068,44.35252746249656,66.8471672862994,63.671087565401486,125.44924569631497
1659,24.456212290745288,29.1660699842052,24.67247387858055,30.978026874673958,4.89112815052276,3.2614305701695008,148.29763178561902,25.78041127637875,43.90124695438133,22.88531170764349,49.048675052592166,66.86751666929047,55.00124691658984,125.03470524052831
1660,24.672463373591427,27.718452945339028,24.83412831865722,27.909060014271354,9.91786766176058,11.41309727412502,145.1912494666803,24.073628811465497,51.066717829844535,18.009372397597982,50.62244756010919,68.49765142941759,55.81736699280749,134.6166571798814
1661,24.511258636615267,29.166362811880138,27.331075869168988,32.64877418392606,8.313787969953564,5.156042697300975,149.4767317769945,26.988098303567853,53.10768165274206,22.884161892864174,51.81658871769322,73.5328750260835,54.02586349306938,137.5180986338808
1662,23.05777848799755,29.166749144280033,24.073372020228604,28.145457420013013,9.783030050322052,26.087070908931892,152.2684471550543,29.752955291197395,50.62240741413139,18.009090581819063,52.63100185434506,71.7391286539395,54.418069983305195,143.9409605323367
1663,21.25871650053216,28.521617814476233,23.05776618208662,28.145553902750372,9.916918278120276,8.780059672074191,155.09782072652482,26.541596167945954,46.403382564982195,18.22908882978863,50.62216925136703,65.2383694382405,57.34332491536399,138.3474506179501
1664,21.25778923219289,30.63361436767768,24.238041139142847,27.765916719239772,5.1559170703788215,5.879267726851878,157.03930285011646,27.717535382257545,47.535321484479184,23.34454038880487,50.62214998462885,65.54254706374923,55.650523995449554,143.94103459561285
1665,22.826199655480146,27.861417462439647,26.98803013260374,27.76494884759266,4.611813527846251,6.722847041428349,159.01555417364267,27.766005143776592,46.02989339778987,24.510487922071224,49.048446800320605,63.92098184398834,54.026917123480295,136.53793507854974
1666,22.884352496455385,30.633180269584933,25.779897975021186,29.348030891811547,5.878449444253109,5.879276501799228,162.16085084267905,25.78118111362937,46.02920597313369,26.13801882479329,51.55898363838019,66.8691597683496,52.274812944378816,143.15401278388353
1667,22.82625094191094,29.166631451369756,25.31071806606379,27.718024404988206,3.6461947271434494,4.6117713292426155,154.76327104479913,25.521165252823995,46.94443923883951,24.45716035039578,49.049257589831086,68.49798805854766,52.2758112886645,143.2554251549733
1668,19.63296966878992,29.931232636151535,26.3410734947717,27.765945480214675,5.877961486967751,6.721647042570756,147.73152076064653,27.861429309003945,50.6224436517921,17.934236991609232,47.47884557495507,68.47827330923859,52.17400961196003,142.3347705184236
1669,24.511402424050853,29.166370981476863,19.566059243654557,34.277835528488644,6.721739284012848,9.782010894769991,149.9732871555131,29.392718724679057,47.95336459840509,19.56503173488663,51.06670793764447,70.18511355410199,52.27581511493955,138.84612394476986
1670,22.826109968396214,28.474720258832512,24.51132222058251,26.289917287191535,5.156742079138384,11.528829676788352,147.50687895960513,30.459380102484094,51.48224590939492,19.632865944318976,50.014152328645764,72.03517089494967,52.17402739806425,141.66016749084224
1671,23.05762108501278,29.16690720786489,20.167141693863297,27.76594576340061,9.918061531030961,9.918027793415387,146.44879941317438,27.718541297116182,51.17109263299038,22.884215112194735,49.048334963240805,68.49844086116126,54.41810110603969,136.30469209613378
1672,21.445489386319053,28.521234558011002,24.673449307170017,27.908225534584272,9.918029882436265,26.087139111401914,142.93046052752365,24.457595473779886,47.53446166004321,24.67331628381567,49.04803260250561,65.29850689685459,56.59674760903079,124.59777297687259
1673,24.511337088103915,29.16684933032171,18.229241863685278,29.39335911113647,4.891838279355134,9.782000789856882,141.99721735185796,30.063851026406308,45.3010284336338,26.13797914857378,44.35316371594951,59.25956786453437,59.795293752848536,119.73477029187382
1674,24.510328231313764,29.93118240344502,20.168056882956694,31.021859463571225,4.891416985028386,9.91788331318811,141.17102025020293,30.06454014677268,45.9426947537041,21.753297007555318,49.04926882566373,67.16452812152083,62.724456356127384,121.54111175449091
1675,24.511304803849978,29.930901407079954,19.835947640222876,36.964545921306915,6.722294948319416,17.332128453857695,136.03226260653224,33.92784969465386,46.0289347636742,19.835889248804527,50.22687398438809,70.27885046301276,64.33501812767838,128.01782969342045
1676,24.457213015995418,29.93089390759963,22.826117945845322,37.53541236039941,3.646139825394669,9.916983846719765,134.85311136381196,35.758432163267045,51.06679636901498,18.009048049096908,50.62244694917499,66.8681129412145,63.66956829204749,125.44827347209515
1677,23.057785127928696,30.063549422519703,23.05779049280497,22.178458012749413,6.722704468368654,8.313574731856423,131.42016599829358,46.40476230579166,48.47641009035347,19.633257326889908,49.049264379862294,71.90659230496257,61.11394122230849,129.63721458631792
1678,23.057820514404582,29.394060181643567,26.13803949259782,27.717059551690152,8.313479516565954,8.31359839434652,130.51647457429462,33.61266430915628,49.50776700879979,21.25862135379964,52.19906225216282,75.071111055503,55.816382019100296,132.14582750602446
1679,22.884408266190484,25.77977340243754,22.176750944429124,37.53547765778675,3.6462943856803025,5.8784519096171675,125.75567069886115,36.458273271078326,47.47995974801877,14.674065553725844,51.066703987595766,75.00026752821839,62.49100319485498,130.8109322344387
1680,19.083714345413213,29.029135894217905,24.834143669786545,20.753609206395275,6.72280479804738,3.646229112824466,121.84731904735546,43.90275900525422,52.200234497875925,21.258911482493524,52.631019641926436,75.0178616618309,57.08833708076485,131.89440528979708
1681,20.16711106746072,27.765712808166302,21.752387664801862,60.15022911950908,8.152144314783,1.6300002468125534,123.79480035948156,45.68287993221271,49.04914532128568,19.565581802829808,51.06765894150526,78.41375751409247,59.50476664156451,133.50654004700814
1682,19.083704531798734,29.392557085080593,21.876550773834257,27.8610602061085,6.722831193554107,4.892285797674601,120.2547807633137,42.42272187021214,51.81662976478602,16.385863855070294,54.19828886349277,78.41376682421597,60.41416651455209,132.7081032574918
1683,23.739557605922233,27.135821969700206,21.260584801342514,37.817745576281624,3.6461008629082303,15.032093354122075,119.42336658365805,49.34612664917989,50.22693368352308,14.764411721043858,51.066700328273505,78.27817311256157,60.414057080547096,135.11899297665335
1684,24.941462849743253,25.779900831882124,24.83600693438626,28.474023998179444,6.522535008077813,8.152016048989095,119.91176672382718,47.53533893871722,51.815806554093164,18.008999234638917,52.631001245997766,78.41382567836575,55.64943247271402,136.97590628260178
1685,20.167778083729708,23.173183141666716,24.8915057832076,52.57994381905982,1.6303532292408247,14.582745333425866,110.00343449117472,56.29149062588902,53.77970301990625,16.304018023881415,53.10758382065461,81.53841343388324,55.458971816096536,133.50737375305656
1686,23.739828681374284,23.17305690876045,27.671810529886795,44.770435214922045,4.89137814874716,13.444490774252541,110.35229647425457,55.81735581150013,52.200080027009946,19.56524715276973,51.066709033701414,76.69942357752153,55.459096022106465,135.11913773911667
1687,24.83415910083338,24.886773653039093,21.19726282986555,29.97572564867954,4.891256567550325,15.38100289801173,107.17604530400531,57.34428023842554,53.083336343073405,19.56617297394997,51.558726346006026,81.92773989303262,55.43407149023767,134.31130745344652
1688,21.874746634157873,24.456411057124193,20.75634116842087,52.02138550120493,1.6300716175677636,1.6310098138771383,105.5892993068001,57.783184350848195,49.58774757342096,17.935051631127944,48.47637200292786,76.70054243541384,53.82877254355033,132.14583536262268
1689,24.23826574787319,24.456400326460198,23.519179388684726,39.19830151797244,4.891291545922835,17.332133023632792,106.8155527611212,54.68636579106356,50.62242520189332,21.196138834657837,49.50766104927036,78.27809848408502,53.804064323625276,133.50641176997792
1690,20.624380980057822,24.456425524203087,26.544983289812073,48.28348500863392,4.891129071501711,9.918060554778613,109.67667433659759,56.59770600391283,52.630040341817775,14.674210725176398,54.19827128693212,78.26104669335885,57.1581185767859,132.8776250331656
1691,23.058001809017227,24.456450024200702,31.15195622981849,43.167721650270316,8.152184800523214,8.313370570815227,108.76455475780982,57.158186332017706,53.107596801910134,21.196289930704786,50.62214492531011,76.70035805681024,53.82871532697623,134.49888224794915
1692,19.835005518532768,20.75217828385733,24.24286487551641,47.97961872078436,3.2610426690131114,8.15204086784216,106.1654120417451,59.795408552791294,52.631008544223405,16.305012900979907,52.20002496924151,76.6483984473693,57.088274862856885,136.11915078662136
1693,24.83387116089602,25.779812284274033,29.032241902828517,29.3937853681186,4.891133496723294,9.917862640484863,107.17597540953679,57.644422742507935,52.63072748015184,21.258022663157497,51.06672605660781,78.26101030414567,53.90373044720682,133.06862088269537
1694,23.05780434839852,25.363938065783522,25.78506201274347,42.32866393285159,6.521106899976506,4.891013067416217,104.00330549969074,57.64563367381065,52.6310195158575,14.674306769426089,53.77988252385096,78.27798045680584,57.088292642588016,133.27714043190576
1695,25.520268885577302,27.7657104685009,29.171146401031258,26.339831531235728,6.521088823907818,4.892055439597957,104.81808145948473,58.89981541747946,52.198799832548666,14.674199824740054,50.226881890725636,76.6483613315777,60.348105182804304,133.50638690303677
1696,22.708788771100927,23.057529574265345,29.977626916846667,22.176220309036417,8.152015120287734,1.6308664407964206,97.6771744201542,75.86402902755664,54.198286227217366,16.385622464757635,54.198343177632836,78.3288888786647,60.3490606497309,133.2782530346582
1697,21.753564368588076,24.45641923069611,26.74688648952947,50.648089665787,3.261127553262699,19.63278203028497,100.45402272738202,65.25810005224119,53.779850952053096,17.935083091662445,50.622401228199564,76.63001130795243,57.088361546051296,134.49787963414485
1698,22.176518687114964,25.467958696391875,26.748210626773204,45.09496253479359,9.783021834155344,10.439280191090797,102.04277034882698,64.33548969607227,54.19827156560193,19.56554965431968,53.77989144100144,78.32891196775165,57.275301888612674,138.1263393472737
1699,19.836096298779204,24.45640797950557,24.892694908008057,44.769471269811696,4.89131673167555,12.733543759806748,104.563754642019,61.114056109069445,52.631000727645954,14.764510108779161,53.77964122320847,75.01773897772713,60.348089876118884,135.80641699111777
1700,22.88431474765635,24.238891114604115,25.781781525292853,29.393230895588896,6.522201704519466,5.878438445209484,106.47921329993434,52.40277320648142,52.63004203280111,16.305144053166817,48.640178385980086,75.00000167777662,55.45798882259309,134.32981571578046
1701,21.196353189339543,27.76586722715509,26.543702932234282,24.511324323271925,8.152230909644537,6.522156812092828,106.47889600970441,52.40301613702792,52.6310009806913,18.229434887403503,52.20003829980402,78.2779892312341,55.45900188326875,131.66227099905743
1702,22.884398769269904,24.457234421392727,25.78302549245672,34.27879146721956,3.2611450904006336,10.937508882441007,104.88226132478741,55.649470107546875,53.10788908949341,16.304062341562915,50.226866720702844,76.64834578369104,57.27443288190577,134.32972041879808
1703,21.257685885959358,25.778953839281424,25.471027755214635,34.27786108621421,3.6463707718729133,8.3136054623832,103.28542923232108,57.06506017783458,52.63100822860608,14.67407171820027,51.81654408718211,75.07086928305041,57.2743880415785,132.55723633389883
1704,21.753408998714885,24.8872402261801,26.54440369521904,30.063958389191363,3.2610610301558536,10.312188770477427,105.58930700684388,52.276097832504085,50.62240758200093,17.93531885545713,49.04924931731764,76.63100074381336,53.828715278112455,134.4988969064348
1705,25.780117215058045,29.028613142478736,29.030596091018303,28.145405120331837,6.522029746268,8.313561683370631,105.22381097303972,54.026027447061715,51.06671139926365,20.167380705749213,52.19881103362498,78.53229168435516,55.45899614189673,132.70851721814628
1706,21.875023228862656,29.029191863195766,27.76648154751197,26.137937271070193,6.522409031333813,5.156507326911205,103.28534179162651,53.805268406935724,52.63100481932983,15.032327316178376,52.1997807330373,78.32892270245914,58.71862961750374,132.5572374310855
1707,21.445411370534504,20.752182389804606,26.290906066357543,22.17689241875481,4.8911484483144845,1.6303316306580036,97.85265581652298,76.6497555591,55.17056284549077,16.305011709614966,52.80706148926405,80.04063331253852,57.08835922207989,128.8968504349235
1708,24.833741231306302,30.063663825049787,29.394947780237977,26.137938726703418,9.782092289999294,3.261119494727103,102.04283530979782,50.56953297362172,54.19827154883298,16.305245883059392,52.2000214970936,78.53230111810338,60.34802404543973,130.80137172405676
1709,23.05782927834658,24.456446089945313,25.782208800861138,29.393340513162638,3.2610367369045625,6.722912368090543,96.52698434825238,53.829019663310184,53.63048688940122,22.826203758483583,53.407734324565176,78.32893189240728,53.828716311296894,131.08561613373544
1710,23.739494126783782,20.752173460609036,25.474061077143237,30.978011261376444,4.891093717900342,15.031441741129282,94.95866099041865,66.92786076625514,54.66216635681423,21.19519006420088,53.77963104372551,78.5323314706498,69.17437309029415,132.70753576502815
1711,23.057820076615275,21.93517472941573,28.057740592686145,42.3286754487981,3.261210193268161,12.417274831136197,92.94935917280763,65.2379431649466,53.108563662687494,19.56526335350986,53.779607128394176,78.53229185613911,68.96253866290157,132.70753109150675
1712,22.17708799804904,21.935108971919846,30.069001854738655,32.48700602787286,4.891054701127784,5.155785224504173,89.80745767932287,70.78843342671449,54.66213554220576,19.63315562844893,52.19976940599819,78.41368543548634,67.16530761870594,134.32982043933538
1713,21.752674826560714,16.786796025755006,27.67027928431231,23.51410571483341,3.261003673874833,2.3063916281501453,89.37696960382189,91.3640227774003,53.63077439177269,17.93500663485601,51.48206513868535,76.64736469785304,65.72551138622505,132.5572786393891
1714,19.83515409573618,19.633511447340105,29.979582709881083,19.632784323093873,3.2612499105602373,0.036777000000000004,91.37755119196129,79.95822202632198,53.63170855766584,18.008930116594964,49.88174674224631,75.01773964944218,65.94766698511938,134.33072991567673
1715,21.87567613223413,23.173068200796273,31.32312946492774,27.718060716770168,6.522355244336887,1.6302638226937336,90.19166159538156,88.42042948250086,50.01451909070622,16.385452097354165,51.48115925995854,76.64837528661512,63.60788846505535,130.68960042486162
1716,23.739557736411186,24.45748115582309,31.320692825115213,26.290166214816992,8.152002064720284,3.260417045350018,90.55825775361345,83.15392389351405,52.631001427120104,18.00941392709406,53.40774515380672,76.90798474959036,62.49005146062072,135.48308040602103
1717,22.176031565481686,18.59000624275378,27.670250293319118,24.88724340396556,3.2610240839480404,1.6319505844997555,89.80706040892346,84.84660904700536,52.09747026106394,21.258699550107607,50.22709729861957,73.38812779433067,59.05712416485644,137.57579425534567
1718,20.168422588963754,21.93580046316978,30.32960152562049,26.289684157709893,4.8912528427069315,1.6302767683804444,93.8597838776377,79.89302100224174,51.55872503934739,16.30501241874339,51.81653383588919,75.01777200654706,63.920610940679964,132.55724338893393
1719,22.176868069504376,23.172562878632483,30.064387256087343,26.289710159870506,8.152001219497013,3.2613293512161246,92.53352612912578,81.78336360249945,51.06670165578945,16.30520194553877,50.622419301121134,75.01773190797944,63.77383042595228,134.32973383729046
1720,24.83438713962251,25.467830297820676,24.24306147213628,27.90916777582172,3.6456882733883247,3.6461330288753953,94.95865455845043,63.66975149784612,49.04924198974302,21.25868581112993,49.50675431399473,73.3700092725275,57.08827496026134,134.68549623848347
1721,23.34449350473567,27.669804330914726,29.03075055146076,27.135817274298148,9.782103749848938,3.261335103297542,95.41832798759533,81.52271434804703,47.95243144400739,14.674004903366203,47.48005614211721,73.38710463897695,63.60788912759963,131.08563127672028
1722,21.445544740045307,20.75220214764418,17.33207150190725,19.70074628324749,4.891177914523677,3.6461428812864387,94.95764203123505,77.8697475145803,53.630432445571756,21.196045646113383,51.81652841088296,75.07086194604018,64.60319559030818,127.18444563009344
1723,20.623445452289406,23.173071498848806,27.13726477949148,26.290156652511257,8.313425550579323,3.2610575808533016,96.9801461371646,78.41472158307143,53.10791721800076,16.30400172641699,51.815588337073216,75.01774891322786,64.1077072763428,129.3096466767416
1724,23.739597773695348,31.319097983541212,29.977331467422715,28.474977940220853,9.78300548763233,5.155778707680899,102.82043879501794,57.159485304803844,49.50765995636155,18.00822213915433,50.62218319171745,76.78592827480034,58.718631777333066,131.08561195722496
1725,24.238031130073615,25.779064103671615,24.240456700765748,26.13790407299337,5.155895087553286,3.6457254410733047,100.83693097726662,55.45947381635659,53.107585454754286,21.195181316254402,52.19977677143401,76.90704431278071,53.82968561714776,132.5572376326478
1726,23.73976691902427,25.779824480150484,28.054482579826992,32.77166506148035,3.2610016345020107,9.917867225579565,101.24463618501039,58.78701167724085,52.680844784006965,17.935019658980725,51.81652944062409,75.01771094848469,57.27428588487593,130.93338222961478
1727,23.739479491292677,23.173103203250218,24.241430382351645,27.764933110790285,4.891194845941449,4.611788905394624,99.25646358261992,57.158335325062,53.63044342522377,21.196173688023627,50.226866705383884,73.53184382017056,55.8162728860502,135.95319877969246
1728,21.445454604305258,21.93605511744675,21.935799721998077,24.07338191469367,8.152005001280346,4.8912023338971204,99.25512017897069,74.80533277305193,52.630041391607016,17.93542426809291,51.816544379540105,75.2829800145048,55.81724352271304,130.47576737759124
1729,23.344361785217632,25.46798001996705,24.24425548710513,26.087015728007646,6.5210131140862,5.878435736193854,97.6764854819538,61.97903715484558,53.63043684309991,21.257922198470492,53.77961047818953,77.06239059338674,61.11401445020248,135.8064187614477
1730,19.835335503112233,24.23808356744615,29.029446174101246,29.16507944742546,4.891092127572348,3.26105605201753,96.56794302601291,76.75364239240145,50.57027042803716,16.386331774264832,49.88180342459164,75.01771234815713,55.52983990866322,130.59800189736436
1731,21.195431027812024,20.752220540015948,28.52249490024113,27.717596813382087,3.2612104090390712,1.630050005927421,95.90541924266206,77.47649300151127,53.63081162221926,16.30504815627308,52.80702862231727,76.69938805559856,60.67783357239647,129.06171366837796
1732,26.340755882882693,29.028673154243908,26.54639180665747,26.29003178869564,8.152000005705698,4.611752449314707,98.09730793151489,60.32655091325758,51.558723658607995,22.826107164889635,52.199777892345644,78.68453489830932,55.529834116469296,132.70763722427202
1733,23.34443334829581,20.75242800195492,21.936165247640126,22.650515277368452,4.891263465433976,3.2615729520315484,93.39142363766845,77.73302483016496,53.10854590771641,19.56529081193594,53.40771687482083,77.06350075458782,58.89855638744487,130.59795693787197
1734,23.344532625113946,23.17289183161399,26.74089501229246,24.238019171888567,8.152060662163997,3.2611479054898993,90.26578110322195,82.55875414289737,51.55875512251406,16.627160779324385,50.226882412411626,74.01937389597575,57.15909953526437,132.2259187483361
1735,24.83423242896432,26.541069542690302,27.138041051496472,25.520247155643926,8.152006815053626,3.2611719025920403,92.94903974426686,84.78458608775296,49.50766039009528,16.385542151697482,51.81557677089596,77.25284768588011,57.088329626223626,134.0524995032928
1736,20.6234624391033,23.1732197382886,27.136360592555686,26.29016281836417,8.152083758040995,5.1555226040931705,92.94904562040901,80.95000989291019,52.63100169328327,17.935328739816317,53.40775543174321,77.06344533185495,58.899620635286595,132.2268968292163
1737,21.87469992917444,23.05810100694364,25.779310504317685,22.7086596331646,4.892441722756026,3.2610345951003272,94.11500221028861,81.52232115763536,53.10790757131546,16.304038807557163,53.40773919000571,78.87017635783214,55.45898969520843,132.07609845373238
1738,23.73953849138358,23.173618845339174,21.937177182372483,26.28966703833828,8.152165930117572,2.3064215654635913,93.39143573841332,79.34201655969555,53.10758310879399,16.30454932251251,53.407736889997814,77.25197767926606,55.53089960517484,134.0524532425945
1739,20.167589523220748,23.057343754769498,30.068023725890917,19.63292593558148,4.892359326381843,0.06434499999999999,96.41606281033243,73.53372353026603,53.10884430191649,16.385288587936287,53.40771989764707,76.90811018465632,57.0651301774744,135.57131529059467
1740,24.834217972666014,22.175625080378683,22.177629042710848,27.861060126521547,6.52106541197552,3.2611942713086193,90.74931866050369,80.9500792019177,51.0667102637224,16.385281895574973,51.81558204642694,76.90810581352088,60.32606186606928,132.42790959882197
1741,26.988927283385703,25.520262091189867,26.988736592940434,26.988038765202973,8.152022832305901,2.305168170622042,88.42029841994942,85.11232020129839,52.097171342472286,21.257737483832177,51.481084524305096,75.01771524518699,65.23838986127333,130.80129427825014
1742,25.520330091635298,22.651405123377405,27.717745634421092,26.98804071027772,8.313368205386356,1.6310782619126813,88.17914127483772,82.65532578377984,52.631063107409275,18.00921605903212,53.407711628183264,76.7003804390605,65.23739977425653,130.80138219632693
1743,22.175993524553164,18.228894635021643,26.54187241225168,26.988007484943473,1.630257368359053,1.6312740305298141,89.71785515821595,86.22945265002072,53.63043514741378,21.19507512538287,53.40770739329904,76.78699009455643,68.78887419321481,128.84524942366713
1744,23.34476541125644,19.632878205577224,24.888241235930938,25.520469646048486,3.2610950172044646,2.3052450781302993,91.82647907172552,83.55226020141136,54.80810557521406,21.196054840055844,52.80702100730337,76.70037853283064,65.4003595071049,130.47575886907134
1745,22.650632927629697,22.176813846351344,29.393183985062198,25.778938598829562,6.522275872741346,3.2610007796725773,90.74962497380413,81.08125031365388,51.55878860859322,16.627987224421393,51.48191585476266,76.78598289159979,61.977496861312716,130.59791680868918
1746,23.345257444525707,21.935069147089585,29.029418516929077,30.6339118394246,3.261156415077294,1.6311596062691391,93.39142370459365,83.40851534544798,50.57022750435977,21.44523294975738,49.88175090495923,75.0708617886337,53.9027354387089,132.42790784477708
1747,23.344396215263437,24.238276907983767,25.780420613404523,24.238042608210815,8.152012299666922,3.2610012655822116,97.67617903506994,76.37081623580023,51.06670050272119,18.009030612738833,53.4077128567878,77.25190320835601,62.04176063826657,130.68951804178886
1748,20.167377856385404,21.93508306745392,27.13628215426018,26.29022005867818,6.522154704243367,3.261099051529891,94.95763261303405,79.08970975015963,53.108573030118436,16.386277088822958,54.68604462338151,76.90802303148887,65.94669381938793,130.47475917837625
1749,22.176028970744404,17.63624817046634,26.74234172559049,26.290355102434134,3.2612759459720344,2.3067191014503865,90.26482281897377,84.79997842252688,53.63173291037804,23.05776556146582,53.40673451335411,75.2830431786219,57.27430907929872,130.93342003100693
1750,23.05789431425779,20.87999788916471,24.239578429666626,24.834117099846708,3.2610032783448957,1.6317397952985595,93.86007570839405,81.99369999914127,54.80753062985441,21.196000153510145,53.08326830760616,76.69936644677644,64.33517145812868,130.44418496715673
1751,21.752383629933554,21.93580677182001,27.717061420550074,26.988006772764223,3.2614371760316274,1.6302538622438485,95.41926473146977,80.43838516602094,54.19800667243804,19.565000021960874,50.96207067015638,76.7860228448024,64.60322858631537,128.8143146027844
1752,23.344170436767325,20.88010888140983,23.17384424109256,26.289903682604585,3.261511421953962,3.2602841572378227,94.95763434965225,81.99363915860192,53.63078712978672,19.56535554081246,53.407710807298656,77.2519530204915,57.437422715917734,132.07506342128033
1753,23.34452587239768,20.88014603058344,24.238739370447778,26.98810724580236,4.891275218260488,2.306228577677474,91.37677494245307,81.0815198906413,50.56896873444858,21.752152313351324,51.81555195881298,75.4418425516269,55.53084268572373,132.15562713410225
1754,24.238019146684525,22.177088778069965,25.77965397114982,26.98899624656727,8.152005378095366,4.891016242666205,94.52259164860824,80.29156899481998,52.63102223524437,14.674057989953404,51.481929469705214,77.25189912634748,58.69610345603541,132.22589931586018
1755,21.875156954956203,24.238767950418335,27.13679780768226,24.074011430185195,4.891379081896601,3.2610000533731656,94.52257092481307,80.29103424758964,53.10894894244979,16.304090822134153,53.40776839598267,76.90813462355985,55.459064515559945,130.52668217771958
1756,23.0579199756138,20.7522491754909,28.05192228275714,26.2902486606521,3.261123621702366,2.30657328392598,93.86007724756264,80.94975394319951,54.19857160044071,19.566064958870122,51.196350097255994,75.07087051182036,55.529852379880914,133.78445713237437
1757,22.71013272771955,21.935057000272632,29.029335222018503,27.718094859550217,3.261055946530784,1.6310842091921844,93.39142313218977,79.95820196510148,51.17104416975212,19.633927992493078,51.19619482582199,75.01773299222644,53.828689983065466,130.47581616976686
1758,25.77984698232523,22.175898009152593,22.177954963613452,26.988352149062518,4.891258722953038,1.6315067876793856,94.52380104218219,78.02408230051233,54.66211458666284,19.565232484017177,52.19881923199769,78.87011585412479,55.45900517348738,133.9443012360313
1759,22.709604231977664,23.514972616516594,24.887671183104402,26.29022641746824,9.782013983408511,3.645771771992286,92.94931292722521,83.13780324620618,52.63005031464435,14.674001355398886,53.08330068735468,76.90716104992174,55.435084215417085,132.10625768643624
1760,23.34447933163949,20.752187983596446,24.88740311656518,25.520244829932906,3.6458228832026074,2.305956954587201,93.39143048365975,81.52259393731569,53.631789985792,19.63387554242674,52.57993804737036,76.70040595722021,53.82872131984919,130.44521188849674
1761,20.624080017094656,20.879811413410817,27.135889797097253,22.17673196308468,4.891133326847285,1.6300175409620552,89.80703970938185,82.05803879846057,52.09848003659607,16.62708911136154,52.57995605806549,76.7869659556414,55.45901548665323,130.43502859642288
1762,20.167256877634216,21.93580705819313,25.520383849827226,22.709615699080775,4.8912720344911955,1.6310631792594954,91.37774210841563,83.837585562345,53.63174439855871,16.627908515751365,54.19885676932202,75.28310776345648,55.64937380924465,132.0650206644691
1763,20.167597781295107,21.935818908556016,25.520251341494607,22.175801894678237,4.892262706417186,1.630000404264976,87.80221648639687,84.56293678437646,53.63084583759359,19.63281443121602,54.19786806536773,75.28311675349278,54.025916790833996,130.47574253406157
1764,22.17677919553625,19.90278099558794,26.740453535769035,22.176547495248414,8.152004455440931,3.261013450134143,89.80704248338714,85.81109498749143,52.63004183159843,16.627763180488355,53.083084202919494,78.87004668964167,55.52988313317002,135.36529050293024
1765,24.07338601471115,22.17639747397607,23.173087909471278,23.344807471788354,8.313391605204748,3.6461345031143177,90.55929300832899,83.08835122689605,53.10857485062398,16.305000120950513,53.08309936453112,78.87006442053203,57.158202545653864,130.4757662349422
1766,26.988916865282388,19.902921086667828,19.63281464639239,24.833723040277427,4.891211206451445,4.891038617522422,86.67420479041617,86.2287453787864,54.19764000640632,19.565121452417408,53.40770398616126,78.68454186077938,58.785548853816856,130.44521291018785
1767,22.7096228202875,22.176931296174065,23.51461369006188,21.87461084027865,8.152008985938116,3.261163065923591,89.80731718758705,83.8376486331762,53.10853550504139,14.764363940569861,51.482067733422234,76.90707226735393,55.459098241203684,130.43500012380306
1768,21.195639646129457,20.88059192180384,26.28989868184062,20.624456138782083,4.891317973305727,1.6310276901438838,89.37719103976848,83.08861470166136,54.19901273635454,18.009214664166826,52.80702399269899,78.41372746848448,55.458002445394904,132.06503375211614
1769,24.834136019890895,21.935604474629777,22.17800695338196,25.520542976266935,8.152040618075741,3.6463932037047684,94.95862157291688,79.95839764881357,53.63076708249187,16.304252226830247,51.81556300033167,77.47624807387643,57.08834157554228,132.06500235359292
1770,21.753513957023085,23.05877485787973,27.136297357045603,22.709691746672814,4.891239470727194,3.6461479523772846,95.32054103989257,75.93510493320203,51.55906912675909,16.62675556947777,51.19721119125079,75.15933882852325,53.90274772386881,130.44526058247266
1771,20.167093760076007,24.457242758012637,26.29016109858677,26.289739696033898,8.152026106322328,5.155585562940802,99.25638252631224,73.73149541662784,53.10759501959783,16.386436467067064,55.0011899189473,77.06343163992446,55.81636452982525,132.07609954477016
1772,23.057854653471164,25.469224438312857,24.242994575258276,17.331389736240013,6.522163851465373,1.6314936645368587,100.83685463807842,70.12895642094664,50.56989065730888,23.05775898624055,50.22687951705064,77.06349165727906,53.902749221507555,132.42780650452917
1773,23.34433561943535,27.669171092720173,26.293578442898166,21.935056305992877,8.152061180210119,3.261133041574475,97.28183682195886,75.16118151069347,54.66214440111534,16.38631066159266,53.08312990545413,78.53226739926261,53.82873974331449,135.48307700327587
1774,20.16826858187692,24.238755157652847,24.07408109173856,25.520272529415138,6.722791718940047,3.261150613045001,100.45377129049027,73.73216039773207,51.558752068299555,16.62692799307222,53.407726845862136,75.28307861967076,55.65034959283635,130.4350412852346
1775,20.167275212247205,21.935166492721212,25.780278873049383,24.238121413201974,8.152086357217321,4.891001347055594,96.91117027430435,75.16083949971845,49.507689458848326,16.626937043552996,50.22690417056119,75.07086959683097,53.828717976703516,130.4757928587033
1776,18.589956863344486,21.93580054695438,24.887878618528923,24.073469624300138,4.891225289538873,1.6310713583559406,95.41830694671988,81.52224821978427,53.107967020091266,17.935038374204865,52.807048423815274,76.78599373498851,53.82882961323123,127.17400700557067
1777,24.83418660005995,21.935284712391756,23.17362243503599,26.340975614796932,8.152003680109313,3.6452741863673603,94.11500194854169,79.5082839406622,54.66241264638657,18.22903730488873,55.00115733092551,79.08886990300441,57.15809993414024,130.47577579904544
1778,26.34109031743925,18.446474550400644,18.589858759908125,24.07254195990245,3.261199313600007,6.522235594494816,89.80730205113738,86.10553431190681,54.807158924600316,21.19519438695066,53.40771198261106,78.87010075134897,57.64438015684791,128.81432632091222
1779,25.520244671360366,17.636205551217746,19.633691679259556,21.875558160277546,8.31355992570265,2.3066149023189007,81.99329738840082,92.30399042716432,56.31515522571304,19.632914962069577,53.40770416738087,79.34048074788178,69.42357877197988,127.34107786077769
1780,25.520296221524745,17.635698512470555,20.880662613560993,22.7098624168449,6.522130845357951,6.521010040035857,77.33888253073185,98.54355734564908,53.30776757452521,21.752067317159174,51.48110626146645,75.86343314724743,68.65347768193828,125.92359582435057
1781,19.90172547604077,17.561612324491175,27.718225727635357,26.138274305224577,6.522216418474926,3.2618378110545527,67.63825617303165,107.2878927721966,54.80847292744072,16.385297314583433,52.807028490496975,74.0194086811671,65.23741095511922,119.92317247538651
1782,20.42927289868391,14.764779937025995,32.1577547246511,31.02087512581398,6.722954709116803,3.2613705407268823,53.30801836766094,123.4079489458616,54.80806609465333,21.445409230473977,50.780092807267714,70.18380040993956,54.025851191650865,130.04766073919873
1783,25.311435114036936,22.88419142052054,31.319345425404002,28.475403430195794,4.8911203606095395,1.631133544619843,43.902067245320914,134.8540005984608,50.01540501085658,16.62698832720538,47.98061868689899,67.16568385091156,54.025939979643965,126.30361163593409
1784,25.31170702346346,22.884305468217335,30.064205414180286,24.940303569384564,8.152238910737633,1.630031870010211,38.06369415736109,149.6093050068431,51.815668257747326,16.3865831589835,46.11556110654264,65.29977150549618,55.81644778728227,128.22472738912703
1785,27.76697255552713,18.22955408879291,25.364454668106138,26.34071627021633,6.522047078790535,9.783163116908371,31.320271134622722,159.35768302441767,43.07540706021146,20.62344134959835,42.672243483564145,62.99941601320991,55.458964015997424,131.02411468898586
1786,26.137990413653156,24.238111845051186,24.45666476525365,20.879829889392912,8.152000419740956,3.2614825688035123,27.13604319288102,163.9701539829636,45.301905371495494,21.44538756216449,37.64154060062846,54.19773010793951,53.82868587548007,124.9808348208892
1787,29.39354940637855,21.196761961865395,29.029088166673066,25.520245634335442,8.15327190939738,10.312506735037854,24.887572980746942,166.0487863642377,42.297073003655,18.590004570314793,39.66980764704463,57.8974420565938,57.088309984353224,125.80729599360468
1788,27.766821739577647,19.701964539253478,27.766306185307705,26.988018294251237,6.522144166087112,8.31393085148305,28.05090903616154,164.51220664202435,40.85893794938503,19.834907419105754,41.27953879062354,61.39611527485698,58.69601359549468,131.49988323849416
1789,26.13827194618765,20.16842096307992,27.135865301105866,22.176737745796288,9.916903403053224,1.630000441717727,31.320528998261633,159.55750778474965,46.14435804210674,22.884207554158877,39.16500517331683,54.419051332997746,53.82871573605683,123.74187392013103
1790,26.290350594957804,19.8363111801067,23.514611948285822,27.860861236902316,4.891022595295302,4.89114220466024,42.79725495759006,157.2758248832211,44.532292335141044,16.628076316880435,45.09497332224509,64.60312048320651,60.414104839389175,132.86745209460486
1791,24.23830078722984,22.88416912218143,24.4571424881809,24.941461842520162,6.521101066969917,3.645994842309043,40.76179902670439,144.3653317249231,51.81654516958896,17.021838558194144,47.98059189986545,66.20937541594407,55.45911654967617,123.79478667363716
1792,24.238156056908405,19.632788839416598,29.392521319925663,26.290030273971503,4.891118857030995,1.6302980000294378,51.81667813993985,124.56667668578888,45.41891007050388,18.009096900259724,43.50526323680762,74.25144547429764,60.34803646212996,126.81869610893433
1793,24.83372950569931,18.22948434537741,28.521492689815833,29.393296674631213,4.891156797619168,3.261352467122925,69.21215034266035,107.96638416392403,53.30809799030128,19.633966971900506,51.48108369388804,75.07093091670573,63.60790977391984,129.83193370996977
1794,21.752337697420966,18.589861210056686,25.779780752525465,24.941325746078224,3.2610105703307917,1.6313054319642575,86.336421389892,86.67395164569704,52.681318335524885,19.56511502823584,51.81555757951096,76.78696417392537,61.978447695667754,128.8453210605139
1795,21.257643220470225,24.238128478602064,24.07266583098401,24.073393616358334,5.155788158677207,1.6303599004590934,104.00306278689418,68.73054234373689,52.097482386090185,20.167092718504808,53.40772898472303,78.68446423225676,59.25942661981612,128.8968674752207
1796,21.25866104506572,26.741198158018264,21.1988769848302,27.71700008746984,9.783003007473736,3.2610000398804284,112.31110984998787,48.64175820373819,53.97695048163866,24.673773428282672,52.19905475369035,77.2518328451754,52.80704701147085,128.84527379634065
1797,22.884267764741796,29.029137623238068,25.779918375706952,29.39329199330974,5.155648849997853,5.878480746522584,119.9231837077848,44.77053589145511,53.630784078351915,19.63284876005316,53.407706490888266,72.2007634332362,56.948975892610335,127.21584858796332
1798,22.884151620857573,29.16593086402382,24.888437706204424,31.020933948171997,9.917255685369557,9.918027400778675,128.43234133905972,38.65219170528675,51.041737972624205,23.344161942711132,53.08309889242064,71.90560403664144,55.769172582257305,125.58540230840536
1799,22.826000206316465,30.632530746267012,27.136469166416745,27.908213235954246,7.290925804594364,4.892010929697562,129.4628203857824,36.641007819138636,46.68873746048835,18.229093906744257,47.98067127901968,73.6592302102296,58.53688036375021,128.84534940659933
1800,21.25859385019439,30.63301223322029,26.741644072459714,32.77074386661322,8.780047022120575,3.2610480246699507,140.98274411926297,27.671368618027515,50.35972040337022,22.17680060638541,50.77916315550795,70.78728252900817,55.769145647716044,125.5864088792899
1801,19.56500594488803,32.11626800461909,25.779526780791862,37.53561341155341,8.152073113305281,5.156413449752007,142.18489283859714,26.544412541539252,47.53541988445632,22.176728553865296,49.15708647378529,72.40298451660915,55.1702341790484,130.44524861100376
1802,22.826001870183013,30.762826167844608,16.628715216255337,32.60860817854808,4.61186777889384,3.6456852651375122,144.06962333014326,29.03225972940437,46.02898151099577,17.560231707463522,49.881675233847396,69.17339659231669,55.77010772442247,132.10531287865712
1803,22.826044926858113,29.97480045138959,25.520308692030397,29.97480039816977,4.612316908647614,8.780059616029167,147.31762512268597,28.523391979181252,39.40062042415375,20.167088206646948,48.284463658388006,66.20919515466527,52.63004355242309,127.18469653135881
1804,21.258585196877984,30.633477048549967,23.514486294699616,39.434779241277944,8.152120879086304,9.916881732181928,145.8490611697068,25.470785404078548,45.30108783149348,19.835920819980043,44.76963578914878,72.20070942346031,55.76914553694561,132.42678538399812
1805,22.82603313808651,29.930965250248757,25.363958088782027,48.91283182224399,7.291318692534017,22.17679477035398,146.02207859489275,24.460543369688306,46.68821137243351,18.590210151655185,49.881796781281096,70.12804272419716,53.08309151349375,137.57567711358357
1806,22.826054569455106,29.166419065451382,20.880608698196607,34.892867071246144,5.156440637109635,3.261019048290854,149.26215558064504,23.061112136282553,47.53436042806388,16.385285066655236,48.28446127967877,68.49740376603374,53.779607910902456,134.49791685675152
1807,17.93510672241412,30.632538009436924,23.172293477389204,40.367570641244356,8.313657306292058,21.258437336931454,144.40153751759425,26.893269845984964,45.41847553867997,21.2586815045094,45.47740290424487,75.07088329814712,53.40770400620251,131.45003560315024
1808,19.566000079878947,29.974837568471045,21.935058355623525,18.589939166927305,8.313456475328588,6.522006811517134,146.21319827049047,25.783267798572414,45.213381891490975,19.83594430734362,46.68949504797981,70.18382129382749,53.4077039884624,131.4500482508191
1809,21.258658082995787,29.16638324280063,21.935229368694582,66.38871558875492,5.156454402280737,19.013363227720667,146.02206178481399,23.519439903924813,41.79198892332982,21.75263254939426,45.47740829536577,68.55585437037641,49.5076597686815,131.08562347597248
1810,16.304063265836497,28.474346897363045,21.935799811960305,25.520327876110215,3.646135925930551,15.467690228469444,149.65343111408075,21.939020455162122,40.26890667313293,21.445279575171842,47.47897479304298,65.2986725577981,49.50670503625548,128.21488486912298
1811,22.826104467155186,26.28966045118972,19.632915693811924,16.38563854248988,3.6464673271982218,5.15701872065487,149.44908514891034,20.755372265225624,41.79094646364269,16.385291156656354,49.04827705239915,65.21710187946248,52.199050010773426,129.83283937449465
1812,22.884302585519205,27.860712015490954,21.935260816757324,36.45787630172337,3.645783945960751,11.528954197726803,149.0938778994887,20.757574340425123,43.32193877031257,20.623590707055826,49.04829478154453,66.86716632764728,52.62978692248538,134.32985860787468
1813,23.05769982590142,28.474341757020728,20.879191128302892,77.33762334727535,4.612147136053741,8.313405796009464,146.21316417618502,22.182353489428383,45.21336490879872,20.623426219601413,50.62220335997432,66.84811211324453,54.19800022248849,133.0676295836719
1814,22.826074659063963,27.718071304616693,21.935142042759228,19.901850328907784,3.646370127614741,6.723097382308929,153.10530200971291,22.17998895544543,45.41862324684189,16.386287407539765,47.9523874801378,65.21705310653033,54.197309465541586,131.25786061507924
1815,21.44426880419483,29.97481182103735,21.935092408890586,21.935316622518243,5.156137192242331,3.261123534646424,149.8762383779447,23.518042044566744,45.94222068784018,20.62343707913949,50.226879998076086,65.21707103519789,54.198000225962275,132.8778001838947
1816,18.229100919878857,28.891921845581837,3.646162760909671,26.137954204332047,2.305224350602121,8.78104895495575,149.26311951960037,19.64076104234343,43.32193801520976,23.739715589846174,49.048282204451496,65.2376773353611,52.63079565853591,131.25688871930356
1817,19.5650160235457,28.474356180808613,16.30429419709905,39.13100002238193,6.52228041641872,2.3069417719231837,154.95148034790398,20.88367870874295,43.749697678683376,24.673323264034103,45.9129107940612,63.67056394783448,56.220321572327244,124.77887334502365
1818,22.826062910525753,29.16641492273879,10.938300171231768,35.60894453966405,3.6464188081480295,3.6462432383538355,151.72683748123836,24.239960180007635,45.30202274347176,21.445513251818664,45.095732079730745,61.978561618691465,55.36259227099577,122.97678402114306
1819,21.257792306846557,28.474434081824953,19.632962691613912,32.363914296239486,5.1555787703841744,2.3059086894378304,151.49003158982845,24.240897856079915,44.77055916258829,23.739529397222718,48.28446428573899,65.23752191726481,57.34427252499666,126.06085434021782
1820,23.05777834087716,26.54154822650675,14.58382091719794,30.633873426099445,3.6461521954039275,27.76574154249013,151.0684134929593,22.6528828773823,43.74867538239945,23.73954776446303,50.62240350374737,63.670703913451455,58.53666534689811,126.06087613403996
1821,19.63291227249956,27.86113428801033,21.444457474892282,33.926935033323204,2.305170196496556,8.313446059600658,155.4392830057269,29.168210739234247,43.7487291153997,24.940322674247234,50.22693213125581,65.9475542645897,55.7691504529047,120.82821748615241
1822,22.884362175539216,28.520754662456692,23.173235037180266,21.25875912021135,3.644807830583243,3.2617713948644202,155.5845393935707,21.19723769452993,42.297039979118615,24.94127019575032,45.477395597354075,64.10744536156496,57.781908220379464,124.18088466742184
1823,24.457443245155957,26.741849361565038,24.237610344981203,16.7866691558513,3.6456868164505223,3.646547467148662,156.12179379802487,22.710361213248557,44.5028829076896,21.752384045482593,49.048982860501425,65.29853577856531,58.26409690074478,130.9325307000201
1824,24.511060949983825,28.521869930936294,26.541616466390924,17.332498314755277,2.306645690521982,6.722914223463578,154.50377697872895,24.891068403071827,46.144681567919086,20.167155265296977,51.19717873863173,67.16541814687855,63.315004241206644,130.8014475836235
1825,21.196315357585732,26.290613674397317,24.457056205329533,18.447245385190033,3.646570808104659,9.507457708431005,155.74673047273012,22.180735330926236,48.94009057384516,22.885196697309897,49.58777303395831,74.01949003225572,55.76914994380173,134.4989010323341
1826,21.197161718735885,29.931538324265432,24.23809045557053,18.590774992272795,5.878460551838719,3.646646003221137,153.81499936501694,20.756646153724226,50.332438216379224,23.057763747362184,51.48115582121374,71.0320802141685,57.34332287850156,138.82664690824532
1827,22.827201482302137,28.522218534129223,24.23822339156994,17.022829863604958,4.611940400699072,5.1555429662145364,153.81501791329927,24.88922961334321,54.00125915809819,24.511259994689798,54.418091647830124,79.34070024939855,55.72120115641878,143.48827555245126
1828,21.197969324427344,28.052486536542443,26.74054362039717,32.03336124997944,7.291818114578056,2.306693761702314,148.94223231316641,31.150070003931933,54.80865097480018,21.258811156251305,56.29163340492023,85.03280639732998,57.34428300351144,147.18217075040585
1829,24.51252825948849,28.52128128232681,24.23902183009059,14.583323332842323,3.6458098937431958,3.6458792302631395,144.07077547225057,36.20222492085373,50.33243290055046,22.884551989951962,53.40772399740291,79.08906660936076,57.34428195886322,146.8214969604682
1830,24.45812869847085,27.71887250255685,21.936492752198003,5.157559974591398,3.645987072898711,6.721694131387446,143.81117152460774,27.864102431221408,51.040490350259326,23.74047268149111,53.08328815780016,79.08897818378902,55.0011578775164,141.88549238916355
1831,21.258430298397947,26.290406578015812,10.313927503143441,23.34433781362007,4.61104739071241,3.261041258741607,142.3064038247167,26.29628751950284,50.56895705619637,23.057782263783345,53.407724229206764,72.03499589419371,55.36333708319424,142.30643195801412
1832,21.25845637367153,27.137388520574696,25.364100994345648,55.76957619343074,3.6456865930027194,10.31092477871358,138.93189847311845,33.57548048071758,50.56936605606592,21.44442945851341,51.815591361231384,72.40304788084272,56.948756594116745,141.88556746132443
1833,22.88511504206134,27.718243717428354,25.779773283697814,44.50329210890887,3.6461497009422743,5.156836829724157,140.2265087068183,28.47627670624488,50.332680600955484,19.084054384609217,51.481083698091716,75.28307592790513,55.00116801134861,136.9657090964948
1834,24.512502095624665,27.71832263208651,23.1730777187807,56.598061903982305,2.305876077695691,4.891222734213214,138.74042864238845,32.48789886847251,53.30775547892932,21.4453040217619,53.40773498686342,74.01936748668487,55.00115687522507,141.8573941806561
1835,17.935227095440556,24.83479430532014,8.780049694483758,12.417006304313801,7.2910199459543374,5.87844944206242,135.48309448142817,35.197944338448785,49.66784551362069,25.310722328017924,52.198849276021,75.6353084103086,53.77962170110398,133.70598157944295
1836,16.386494946231828,26.340532721597825,23.05788151057213,37.25190280037075,3.6456968888925947,6.722607425837211,129.06174149708443,39.16542980324642,51.55875707197955,22.88429059679153,52.199059821618825,75.07086092345007,53.40770724281662,130.5969804342092
1837,21.258729827190407,27.33135573324801,27.671135955072952,11.528810614902868,2.305422831694865,4.891014593833655,130.80136390365578,37.64220448892972,48.17299980620025,19.632886311322082,53.10884070879029,75.01779657169679,55.00116184166193,130.59796978549443
1838,21.1961141029058,27.33112301260587,17.331777292857918,11.757752536082243,5.156757958853653,2.306629359555017,124.18099708794325,40.891802994967115,53.63195417945374,22.88425401760001,50.62217137837717,75.28300054943135,53.40770421135645,133.85500765626682
1839,22.884154092778193,27.86080084994256,11.529946127955682,25.778950853091136,5.1557838094561,3.6456854272304917,128.8978817029299,41.56990041227675,48.173922740993675,23.344246572608,52.19977374933652,76.90804355184244,54.68618628744057,132.07516047775036
1840,22.826001716417668,23.739589826343025,10.937901834861014,31.319155072707968,2.3060270512742305,8.31336301195345,125.63831275142692,23.1803495667133,47.5345443190852,19.632871053038254,45.91388272756284,66.86788149453712,55.36235539776191,125.80741979141936
1841,22.88420881201706,25.312041433804247,14.764418719439774,27.718182110200473,2.3051864972847578,9.783012143066996,130.526723526337,54.66526014949561,54.1984670821057,16.386507312536924,57.64542478299453,83.29638881706428,58.19511584373105,154.90069836699377
1842,22.884388093821624,26.98915386437525,11.414261790305833,25.5204647176489,3.646220636047148,8.152112265240813,130.52673561375227,45.21900771873539,49.049152507949536,22.709717831761864,52.63139927707815,76.64975232921668,52.274870047071616,143.47833015554795
1843,19.565059374722093,26.341247945273228,11.870480106677395,24.07425045979065,6.521003645224038,10.312188671196836,140.21700730301947,41.57081938805883,53.109339737424804,19.632891806623345,51.482139478949506,72.20190728133494,55.36237138481015,132.06620478633238
1844,22.884143269442145,25.779372688945745,13.14504258512117,22.651893530138473,2.305904872772486,3.6462434645125437,142.0821417382808,29.933956994338125,46.40329204007533,15.467719374749466,50.2268822286234,68.49761281580807,52.630044073740876,122.29409771345865
1845,22.826032120231716,24.238036740522837,13.444824161387292,23.344455777399823,1.6314544774635633,6.521756119347702,133.69601606831938,41.1523189434386,47.53450398611128,14.764401691495786,47.730556781386134,67.34337367529555,54.198277365947945,120.69641289346951
1846,19.633038245902778,26.341660935501032,11.41329183443253,18.59018766338841,3.262021854532731,3.2612674656165184,130.8012881078865,42.07702383582329,43.32190016901804,16.627289931495845,45.47744974141631,68.55661445884468,55.170269972134896,120.69622848350028
1847,23.057894808980787,24.238429919680435,13.145957280794862,21.87422611558445,2.305893266265569,6.522581749182576,125.8084227454162,43.04503212790392,46.40236828189813,18.008918030810907,47.05701020301495,70.27949720740952,53.77988031029593,122.28202623120458
1848,19.835912830369313,23.344451468649307,15.381964935793116,20.430306643063563,5.15546333037111,3.261922907262032,127.68509561125585,45.943233430085655,44.85987752994789,14.67413994561754,46.68851010504582,70.1279769195655,56.94880330347259,123.95598064288461
1849,23.05776667634747,22.176793398208357,13.145326464011594,19.0147344462585,2.3055787330178013,4.891028210769612,112.31032057680929,59.34905441676122,44.859546352700214,16.385299428211905,45.09597062997445,68.78788480428979,54.419054751535626,124.00954380847526
1850,21.258681009898666,26.290307040468818,13.044005163263144,22.65051603527973,1.6311901357674687,8.152008241805495,112.31129002698675,56.714560185063924,50.015028060894096,16.385345557388288,51.55872398764549,70.12794756599598,54.68619429080299,125.63930180321138
1851,21.752016099457894,25.520752298625442,13.144465945448019,21.257908862751343,2.305971136515173,9.918256618660351,120.25465239185226,54.29634661457444,49.58704686724476,31.020856073848655,56.71548946776705,70.27957568522774,51.81555301417996,117.39103668963533
1852,21.25766212205097,24.238357806452075,13.04603306358295,34.548406417854714,3.64581308913391,9.916885834132898,130.51617786770538,49.6944060264918,51.815632052287135,30.4591584662564,54.198290953128854,66.92752864465416,58.53688190442447,117.40233036788587
1853,21.2577113716464,24.073376840950353,13.147683011566816,38.167580395044354,5.155946994219738,8.780340471991979,129.5042822301517,48.14596255609506,54.19827457527509,24.94059011091611,58.92149260497092,78.26135107656845,56.94882641032128,129.17507063513605
1854,20.168057446209303,24.833873004032526,11.8718577493514,27.138126027501038,6.721727232627075,5.1568445994538585,132.14600058513494,52.63068597691489,60.501482755182316,25.778904067456395,70.6377187600102,89.8075018841257,57.34459547377355,137.43076811148552
1855,19.834788768789544,26.988395861077517,13.446027297333949,29.16936097446635,5.878635374133692,5.157039109421152,130.53626770430338,47.95315958364527,53.107709467480525,26.13814131268343,61.71992415112979,78.6848393261427,55.362370889997116,125.5857025342947
1856,19.63387120710419,24.834434983810766,11.413611117252943,19.903669782562293,4.891140456221702,5.879404000951205,124.3951776629656,48.640840564059225,49.50815834515078,19.633104247526045,51.81558512127191,68.65280048446931,58.19615159398293,119.06698258644838
1857,21.257756811381668,25.52032968649908,12.417193633325072,18.229393713813526,6.722984235686416,4.8910016660566775,127.60126300777492,50.64901599608803,50.01510791057569,24.673736458254503,55.00115439737706,77.06352111420902,54.68624415652915,125.54313059394582
1858,23.05781391081125,26.98807915546711,11.529554745093161,22.710729209112603,2.3058780514814914,8.152679216381863,122.79224373569599,51.04120404361039,50.22696171863675,19.56602746407891,54.198321227292574,71.75858754923384,54.68599691401549,121.35537278335246
1859,19.834951074116006,19.014747150462128,13.14627116709711,19.903002239127755,4.892183949503122,4.61209348208649,120.25464019535545,56.151756122956776,53.77996664244513,16.627213211070742,55.7691392379887,78.27815092351153,54.198021182049814,126.59746317798975
1860,23.739509125203078,24.073387167251653,11.870970772275042,22.70951481204496,3.6460142274172687,6.522103820087494,120.26618867446618,54.003605443461765,53.77970556734399,22.826269295066265,52.63100419839973,73.53314384767656,55.649661053451375,125.44842230737216
1861,21.257661989828716,19.901686543536602,13.44423479849142,20.429670665588333,8.152108250269979,4.892160477807889,114.6873223110481,55.43563981346476,52.19912390041058,18.008263280589965,52.63101759323068,73.38837717422913,60.41516558130512,124.59815841798448
1862,22.176426888658128,21.875079885573847,13.145301288356329,19.902151317867506,6.721936875739293,3.6457638404001353,121.8369431193328,54.27451124149558,52.19988914219886,16.305058226839463,53.1087775214342,73.5339191740664,60.67765271916874,123.1598777320863
1863,21.19557242580463,22.176841338333052,14.764976991063104,22.651176016324133,3.2613430918909447,5.156981704164673,121.68346248864697,56.10464710012692,49.8820903361189,22.884471090456064,51.171033615208266,70.27889204586204,55.53089804444802,120.36650785287814
1864,23.344388490691415,20.8798539221411,13.144740608620017,22.650946812000566,3.2616015651210613,6.721648800182544,115.07022487445687,60.151976830254874,53.407784562079655,24.51060375207956,52.20003053797792,75.1593389503777,52.17400241210389,128.43286379533936
1865,19.835292858039573,22.17696331025887,14.764366498828252,19.902097126163245,3.2611303902549125,5.879845884075806,120.13290844284758,57.06798231112822,47.05769535842642,21.25898947442236,45.913871057533505,67.02707834298289,53.828873388561284,118.51993243514183
1866,23.05776708141265,20.879971669432912,13.930846768973712,19.701160715565198,8.152354746127324,4.891360855978241,119.11090748783458,54.78487420840006,46.40358656709748,22.82634446009264,49.50670667271492,66.84707204984608,55.43519629026747,116.17428032744414
1867,21.25885522928368,19.633449407946603,13.444539495179779,23.514034257345656,3.6463080522770075,5.156949918051899,115.49636925079919,59.70735762556905,53.77992313720801,22.884344821197786,53.10894015046983,73.53191159582867,55.45910910083179,119.56832859706195
1868,21.19539402702094,23.17232229242322,18.22963968363939,21.87490874052831,6.522096261113055,5.156778900860127,116.03594105985677,58.78727444836672,52.200199241063366,21.258910858886043,52.63017326699716,68.962519829533,65.23762627921413,122.97596716612745
1869,23.0577667126199,19.63355375628406,18.228427585217737,19.70131651221028,5.15675868612456,3.2611412021574835,114.14209632365015,67.14665791770948,60.32582983174801,29.347194639172155,64.23151214406789,82.10701159029556,53.805183022037156,127.6851667024258
1870,21.195400529282946,19.63280311150304,14.583297913432864,24.072582788378337,6.722604480290052,6.722057708628302,112.02665941944753,66.61009041459027,60.50245426227821,26.087520024324338,61.461335617046494,84.43675150439799,60.41418142063089,131.89449803366927
1871,20.624524158298165,19.632781968579113,16.304408983689374,21.75298556556221,4.891178811220117,4.891070103665315,106.61618787836395,67.87584197889885,55.00120651186876,22.826625571293587,53.6317236734906,79.08881663950054,60.326024218832224,128.21514174907918
1872,23.3441255209525,18.446399758422217,20.42927610782452,21.195783320274735,3.2617241875181837,1.631266652017378,108.11333545111326,72.71639057167934,56.94875502286457,24.457619447050924,56.71589621173519,87.3919589762927,52.27591101766854,131.25780105334735
1873,23.344334916538656,20.880614827112367,19.014122532912225,25.520276620596125,8.152013185357577,5.879040160739227,109.43406659862399,69.6534713245883,54.19827213125445,22.827652357745507,53.63242218051445,77.73234334676846,52.401807136165154,128.43247546465835
1874,23.057864920815234,20.880611190162245,15.381907368093554,20.624420951024454,8.15200096231108,6.522081534490648,106.46695545515784,73.65892015027326,54.66242808727514,30.979422706750988,56.94930801648985,77.73328866456467,47.28211720128625,124.43751653658572
1875,21.753312206265083,18.58986875459669,15.38193716631065,20.623510132958042,6.522009560088738,4.891331255969548,101.48094669748696,76.33554001546146,56.59770285490488,24.45615854781454,56.31497431034075,81.92857615236058,63.607902061947065,129.46384766859913
1876,21.87466118736578,18.22932211619072,21.258530840950073,24.073370976599378,3.261133140953334,3.6467446274528785,100.62615310974388,81.782415052132,62.08569405377561,34.239195097026204,61.266619309370945,83.29572915421748,58.69600189829958,129.06177641118458
1877,20.623458491611537,16.05814581499454,15.381040043606523,20.167110656492284,6.522303411672972,3.2614234343011623,89.00441541423714,88.4203752076122,65.0947173173145,42.39117197959969,66.9276281742358,82.10692097479343,57.08828011918236,123.9237367521131
1878,20.88081823340924,21.195419891309083,20.87997637229816,23.34385866670206,2.306110131035353,6.52227651693522,83.66149028881232,98.09788115297617,68.7301881920451,45.91331299371373,73.27914916189646,86.96496795491908,53.902768272057585,123.92373647017368
1879,21.25854276910636,21.195396301415308,18.446300083041468,21.874277299111316,3.6456914145330708,6.722635412695298,81.88009397570792,98.70593622455739,64.23111755528339,44.142545082065446,61.28770572103353,73.53197134033759,55.458007464970294,115.80693550352159
1880,22.17669836744526,16.057765619213715,20.752252927460415,25.52028004658295,6.722876449975551,3.2626827933736,74.6630227458443,100.57272646408673,62.97722347832611,34.27817831523722,58.33237128557698,75.07089238617151,63.77483191823934,119.03216129219878
1881,19.70136032989896,18.009161932194655,19.63344768832169,19.700805540035205,5.15578752099125,3.2615850861468854,73.82124885070411,106.21646830808756,55.769154281875146,34.23900521090095,58.446070472871426,80.15672028415959,60.34808855697608,127.1740009853452
1882,19.083716406112924,18.229372972265278,19.633470980920464,16.626922222647146,5.155648832938118,3.2619182510370774,73.65954685575956,108.27331268438543,60.91874984472001,29.392354435870814,62.97824643762628,81.53829656091624,60.348017461105144,129.17592237740786
1883,22.176912742800692,17.021907605274407,19.633519754385354,23.345040759788052,2.305212554022941,8.15200800744674,70.73215477087507,109.96660749961178,58.536958830762586,24.510375745789176,58.26409631578911,81.9286423474048,56.031192201177085,128.96896472972367
1884,17.55978887274856,18.00795045217703,19.632824599091784,18.59021354902626,3.2610009915437246,8.152232296602188,69.3657319630184,112.44112925033262,55.00233256132503,24.45613072915045,53.63079420772384,78.53226900634635,49.157058703637375,125.55458499368922
1885,21.19687708798697,15.032164353292627,18.446393316806873,23.344339039905357,8.152252212970094,3.646324085363849,64.16986347366215,112.70082887229695,57.34421922849433,27.76519995646342,54.68628007729328,77.73328302211904,51.197178789835704,127.1844456278943
1886,19.01490435978053,18.009036795213795,19.63280214659139,19.700745065445712,4.891000002239235,6.5224403271278675,67.95183210730245,112.92488799481244,52.58032110461756,22.884275892120492,52.68121204827731,74.25147144940016,54.68602279073487,125.58631948104922
1887,21.25855157516733,16.38533628407068,20.75220516835825,21.874231694217443,3.6456864425950215,8.152002953245342,70.01458490089175,109.32462383781667,51.81671696851285,21.258856270782065,46.944192494770604,72.64125826427936,52.80604688822569,122.45580878152873
1888,24.888332621292665,16.786345046109826,17.331387278903634,21.195429483889747,6.5220179367750815,1.631146218338475,72.21957070233512,109.34926184615614,56.59692353076133,24.510527985577422,53.107584428741646,81.7825089855044,52.807026191990964,124.2985877900443
1889,24.888009656153105,13.445461685853775,17.33137104818894,25.52024578486686,8.78023317838207,3.2613803575884535,71.03163371179829,105.36204961062775,58.26411644857316,27.717132332750445,55.17065756144484,71.8130789221829,52.19945592685045,114.42176553926141
1890,24.073382224155264,20.62311545111476,18.446305412241166,22.177168481875142,5.156068089074183,8.15215833094916,73.82129492581727,102.97670698028058,58.262953639505774,26.13832980903003,54.19788401997895,74.01934947696896,52.807038807645334,109.34943774590882
1891,24.073369262184247,19.08370196047143,19.633489359187273,23.344663108957597,5.155576406001193,8.313383249488787,76.42196754878866,99.98901224139856,57.82860789457355,31.021391086327583,51.79015094416549,67.56006405694416,50.78010522547868,101.10016356646173
1892,21.19648042069485,14.764335079728346,17.332139232149338,20.429293501350084,8.152199707554017,3.261051005599389,71.0315929387341,102.34111197690642,56.22041519313989,32.65001908925198,54.198824945234506,74.01823553268038,52.19962850682554,109.25118946871459
1893,24.834118177477993,17.022092866899264,17.332124369564816,18.59029179358109,8.152062434073093,6.522477822469072,75.07126422226594,100.66495722432285,55.721793358123705,29.528933610437353,53.30803057619354,72.40299971679629,50.56942236439033,102.72993229431897
1894,22.176205865839634,17.560678534708266,19.632814715837526,23.73957419972055,3.6456852714676486,4.891207588517297,78.68414299601481,98.50322774050034,57.250861575172905,37.817790115442236,55.4350222564975,68.96162377928793,42.391069234665714,101.2971807522006
1895,23.344372342825643,18.590112532203772,20.879185400890794,21.753129792895685,6.522170264116816,8.152012863601467,77.45866594694196,98.09789675884919,56.94874264818237,22.884430008929673,51.06689314434769,78.87010899058406,48.94015198168812,114.14265379039361
1896,25.52025002436739,20.62350982800028,19.63345091945835,22.176951168008852,6.5221624227583925,8.152112527798472,76.6481085389412,99.04158350849694,56.948748026365195,24.67250978600454,54.198444870341554,80.48763766370655,45.681185978495876,119.1224512193646
1897,24.073434502011597,17.022182028165474,19.633448788765765,22.65161846625157,5.87848449599733,6.5220071657599314,78.02363031826503,97.96232203034631,60.1267697233915,24.510632241415657,59.348837466309234,85.34445141805782,45.681136110525124,120.82909356569371
1898,26.289738655687643,18.228475895757846,20.879195860734633,24.834379704769013,5.155849796707532,4.891123112150132,82.44645778181173,95.41895211049712,58.92150406669543,19.56534855818748,55.77027074084193,89.91086821777755,50.54301412517233,119.30084629794925
1899,26.2896602317917,19.082784087516146,19.901730116309032,22.17595644741776,5.155615591985226,6.522009259430764,81.71696771218282,93.88779551154072,55.3633541147016,24.457201944918936,53.63120466641384,79.08890881612908,44.141624423984396,115.76100060846564
1900,24.07337073902536,15.467693773740935,14.025396944571835,19.7007544810398,8.15223388461738,6.52241706655446,86.04340667429061,88.42028532141188,56.7151449850191,29.753407503412188,51.79095411369214,71.31198699724845,39.164991984330584,106.09083128868787
1901,24.834196420560446,16.786501224284923,17.635583388479876,22.650514461792607,5.155866940851895,5.156508127250563,89.00438775899345,86.08935847975914,54.19765690390994,30.064219755370356,47.53536727672699,68.10867329297561,39.13000063563517,102.73097623264765
1902,22.650530580580757,18.589870331192685,16.140433592670195,19.902515156694054,2.30517949821895,3.646138497594553,88.23969381823913,83.93232730037262,49.5067603648984,27.908633475709983,51.041429292457686,67.81544032279491,44.022000091157636,102.92484399315879
1903,25.52032362882654,17.63558585300758,18.228576771278767,23.51402329344158,8.313404635714823,6.722778446755822,92.7060255623356,78.80248228171936,55.769141624025565,27.76603938124422,56.94916809685717,77.47630557359365,47.282061505371026,110.86901739342068
1904,23.739555118387596,18.58992075061661,19.90250816099329,24.072532911183238,4.891396584391434,1.6311712389595965,98.09692043941006,77.50998079522991,53.4079359485295,26.08730388696556,59.10184244281556,79.34062739060282,53.804121956736374,117.57306505139566
1905,22.709594083746428,18.447012047999156,16.78658821875443,19.90250350937915,3.2610796557044046,2.3058975861232605,107.2621734994655,65.72531370364472,54.68617930941989,24.510470547225346,58.447062201058564,79.34059946527503,63.587017044002366,121.0479603786024
1906,21.444432818604657,20.87987626378393,15.467649204800615,22.70872693515917,8.152382664236555,4.891227001185816,111.88352019291665,62.086057959173914,56.596689878914255,24.456277571972432,61.46099593325974,77.25195526453435,53.82894557461646,116.04789947074838
1907,23.34358983825002,19.633449124095538,15.032142432275743,21.258458219869198,3.261251510080778,2.3060457778292434,112.97122032703302,57.64565180514486,51.81653452605653,26.087376130373258,53.97723266857894,74.01940169369158,52.17301506111612,110.01621627233898
1908,21.752273222291628,19.632922429242473,13.144584678622959,22.651407299657304,1.6304229082323962,4.892120300939457,120.65259365499335,53.40848198238714,55.00213288808525,24.457356047147876,62.97846051040062,83.72553166723762,52.5790985791632,120.13361372593698
1909,23.739544032987357,23.172294489477025,15.03282047247829,21.874674414331878,8.313538356199524,3.6466442529915284,123.23519701083795,51.04318617475259,53.77990172594589,16.62823994184499,55.77020963480875,78.68443072031775,58.785666118298714,122.79334977912076
1910,23.34438342669368,19.632789229932555,17.56091664757971,19.084454894343807,8.313706907008552,1.63025400343903,121.83697977193992,47.39911424170632,53.0834320045173,16.385375414951564,54.66247944778904,77.25281817008313,58.71868513960333,123.4411410223462
1911,21.444462983467677,22.175398710318877,13.93125626658212,23.34421029450718,2.3059156817735693,6.521118326840531,122.74868388531492,50.36143251650906,50.62243931823003,21.258949051188445,50.62250027231701,75.44185916346508,55.45802173672766,119.91254076107815
1912,21.444481598301124,20.87997249074056,16.057709497402517,24.23836959995502,1.6303465997928126,6.521015217873935,121.68347401627737,48.149412838695014,51.481132509396495,22.826397174522,53.107733924892294,77.47524880131745,53.804042159451384,121.84726694721311
1913,21.195400490094112,22.176861005110656,13.145021401678838,22.650808148391388,8.152009807159507,3.64700895561062,123.40822367633402,50.361717021481894,50.22705496617864,16.30529430991938,52.19909971019563,75.07088386086976,55.64944776077637,121.19128810221044
1914,21.752268516331696,25.779798879020102,13.14508680412458,22.176799519290014,3.6456909813641833,8.313514650707175,122.74866572513457,48.942317500039074,49.881834002468366,19.56552835221602,51.06674951653144,72.40303161190292,57.088327947108624,119.91175172690352
1915,19.834932930540116,22.176208439975202,13.043017815956711,22.17643100248776,6.522020692395945,3.64620997139889,127.72680731112412,41.50793935922762,46.688814897142166,19.63300720489258,46.94453786765291,67.16548088986302,58.71871139053539,117.40326571328411
1916,22.8844120754041,24.45753471799697,13.04432945607715,24.834391918482073,1.6300306071117145,8.152350412205971,132.135621736228,44.05291407686677,47.479182605776785,23.0580304975696,51.558758800421096,63.774954353185535,53.902928165224125,110.91821269544062
1917,28.891918902645106,30.06370592833096,17.93419120909069,25.310737721370298,3.261053135944857,5.155839275012422,135.0997705344911,40.269992858967775,45.21353104451267,22.884237998545686,50.0141042710746,60.52410756096939,50.77924578657014,108.39607200149284
1918,26.541602481431394,30.06396408506538,16.304384548961085,24.238537762426386,5.155862228638731,4.892595655991269,137.15092061173877,42.07833906539669,44.86005224486976,23.058326272658384,49.50767243796564,63.608063977698684,57.43745614572044,111.0618593236732
1919,22.8842339620944,23.514018673191796,11.413102821534334,22.17643637790067,4.892518035533948,5.878435983028414,135.7186036988605,40.8592190278036,40.89123952471023,21.258674006160334,43.32190461614925,57.15817463831674,53.08328268948,106.42894069052646
1920,21.445394687027985,21.258434799580478,11.529188277827721,24.07342283405501,8.152019072472523,5.879408031872695,138.85557889257404,36.202279980668635,41.79204269374877,24.51050028688672,48.476979690342546,60.414154862274216,54.419089127186446,108.21285440948634
1921,20.16839485159844,25.52024873991675,13.04344196869159,24.073938328576403,6.723071302308281,5.878953235830991,141.99813467607186,35.75916636883995,42.39087410689977,24.511345003501614,45.41918457403191,57.08938132530966,49.88177677078832,106.7791073761319
1922,22.884233980612553,25.520278612164507,11.528967102587417,21.259260999466722,6.521174017736335,5.156896315085696,145.54800933476054,26.989504983594216,42.79776674032336,19.56500791437616,47.952453092825344,60.52424737291232,50.96208400870639,107.77059231834318
1923,24.672494663329033,25.520415356545904,13.14570588229786,22.17649719532427,5.155860818818187,5.155786615539485,146.3128179568435,32.36432534173389,52.630050096930155,24.4560281117061,52.63100224940535,67.16539826673846,47.98070090263811,119.59046605689109
1924,22.884215843706937,27.71722283305962,13.444611585610003,26.291115730882353,3.6457529348265143,9.50689135098127,148.7279012985602,24.239264870323293,45.91304613512556,22.88423708866053,48.47603297442181,62.14993078391513,47.729791243132894,109.67750839780521
1925,23.057838650270817,26.28966457118954,13.445940153869804,23.345388924755564,5.155637428478037,6.72165744622561,151.24471022279715,20.62876314701458,45.47721272116837,19.63290573298719,48.17402726639333,58.786911776482405,44.50254950667031,112.3118344293177
1926,23.344342644558804,25.520316431534013,13.44562637596164,24.887640336571963,6.721931151439178,9.506695164154587,156.0456351831602,23.060284405818802,41.91834980113439,19.834953582491664,49.66785789436635,62.490070464239764,48.283359003536695,116.72238804411258
1927,22.884199164437668,25.77945605872255,11.869748740936494,26.29132164887335,4.892215186725228,7.2918714026006235,155.74748938351485,85.78089872339281,28.05472999054683,23.058155519723655,17.565993886462998,120.2558167238502,44.50253319537189,174.27484125240863
1928,13.444511241067172,3.2610000341711185,3.64568525829446,1.6310000123424317,9.78201475238759,3.802286e-05,262.5195649098178,238.2274915590799,126.81818699236074,0.00038932699999999997,122.22889603187231,21.935056694657348,142.18437325290694,151.00712212392247
1929,19.835542438781147,19.632865080513437,1.63000002047986,1.6310000140612455,2.3072399391673595,1.6300000002854043,160.28931234776363,140.27384777484835,38.16714686286153,38.167146902615116,39.19829803866085,184.6498926211928,1.6310129182725033,68.12821151036344
1930,22.884140240572385,32.115805345837096,86.41300000000696,1.630000003485521,8.152000185199697,26.98800668825151,253.2584816986807,227.6656492850145,47.47867893207176,3.2610000119988767,47.47867893065529,127.00601068068393,1.6310010659770435,173.56306265731766
1931,21.257865029868352,25.77985925180759,18.58992924154174,30.93468407715242,3.646323154096424,8.152822915670086,165.35059121820368,32.650719800649085,44.77072974713174,35.19619673534198,50.57036053002828,58.71817001690164,48.6409450235364,106.16689723130254
1932,22.82604858933677,1.6310000541040655,7.290923261715902,11.528668961990673,6.722893897595025,3.261000000068125,252.25908071513143,54.66145885664442,120.25474850251788,32.11580534681924,122.55401301500045,19.63344664216519,0.001937819,157.88333928426027
1933,21.196122409188362,29.165960655958266,21.752583173964087,28.47376945265272,5.1568810381246175,8.313370727039711,162.92209393981855,27.76667401240649,45.30208909762574,38.06316557660449,55.434782102852424,58.78672903100532,51.482205189664185,116.08183460249508
1934,19.632783093816567,1.6300000218630366,3.6456852582287356,1.631000008764043,4.892000030458582,3.2610000000735537,51.170211485605314,40.79262676276896,30.63343554227037,22.88412497783575,37.64191107008724,131.75242883916945,0.0009220079999999999,181.0955441570441
1935,21.195097047123337,0.00024692000000000003,8.153000000178396,9.78200000099147,1.6311461447062792,3.6461324717558434,252.02258986410777,224.70481424716405,35.757627731891084,35.11981653732745,34.27772979655137,198.27044456504794,0.0017347010000000002,185.41113603249696
1936,21.257592377568166,1.6300000367725949,3.6456852580440504,3.646132475784677,9.91802777723475,1.6310000002158471,45.9418371781986,54.66116116325867,30.633435542402424,0.00025707000000000003,36.09202362023567,131.6118239825225,0.0015214809999999999,184.59272679925832
1937,14.674048830392222,3.2610000348668673,3.645685259991475,9.916875719607509,0.008461299999999998,1.630000000105536,51.17106185861689,47.05700819190914,41.24748489795877,40.76140000177546,41.247484893297965,199.87234820509116,0.003258266,186.0768652036833
1938,14.674024365743318,6.722845011377104,9.783000000028704,3.646132474514592,8.153005304751161,1.631000000709172,57.89750676797511,55.17056058799203,40.268800281142056,37.64095814406932,46.40326238532301,144.11651221498153,0.0018769309999999999,185.210305352564
1939,23.740476478270576,19.633505496689903,103.38769696668147,40.335129876830365,2.30763269984111,0.0026393400000000004,165.96104438092343,19.70091758211586,38.75517420653097,17.935013148255262,43.04407541180717,58.696322394079914,52.631001019313736,102.66588190570255
1940,21.25860885088773,29.16607761701814,23.058350305431013,25.3104959046314,8.313615464678653,8.313366911159928,161.81584388658615,26.2904415620196,39.70356757614612,19.633620124276646,43.322171835380246,58.69600000870693,47.478681175757245,117.40301535992388
1941,24.45600023442951,2.3051681077809607,177.78415299739729,0.0001851661,1.63100000173447,95.25122463257455,61.28764641122883,55.76913912470298,26.988912871777735,148.7180799264318,146.7400000000006,179.38489537864697,148.7180799279777,178.6417075373419
1942,11.528956066713953,35.121116397406944,13.043000000006286,31.489072279364002,9.783001382246889,35.12111639747086,56.148828182393565,67.02637347181773,43.32188127264775,1.6300000167059945,42.79725525079925,129.1247693125053,0.0013189310000000002,171.0714551181912
1943,18.008932850644797,36.639172616442,11.413000000000341,74.25144115112236,9.782005726588217,8.15200000021999,56.87818549290099,55.00115820483969,51.0666999635164,48.940151910267396,50.622143553999514,129.1446495252876,0.0009161540000000001,172.89506283226228
1944,14.764315887444813,0.000354782,9.782000000366386,8.31336297932248,3.2610201584383813,6.521000000086655,132.62764242713146,122.74902621012549,35.757627719440585,33.01352833316174,35.00699228765831,138.52040192336517,1.6310026857831865,146.24054205618657
1945,15.03145167152886,1.63100004322489,3.2610000002259674,2.3058753299202093,8.152010283742394,3.2610000002271975,143.94079005074795,56.94874076928544,38.06335630237161,0.000212062,36.96528605327243,139.88545138437382,0.0011398419999999999,144.70562689967497
1946,11.528831902755064,1.6310000423688154,9.782000000229194,9.783000001589194,1.6312079682831166,3.6461324717862746,101.2971769252353,123.49362547082806,33.61223616538803,31.489072280430676,33.61223616513197,129.1240622076798,0.002232029,3.646144707000035
1947,24.941265608960908,2.3051681110659823,1.6300000000852948,0.0001488389,1.6300297765640115,1.6300000009504156,135.95319860898053,109.25116027553173,58.536827390970004,49.02158391984427,45.41860748636099,103.24622734031554,1.6310000309746977,103.69571379357738
1948,3.2956399999999995e-05,16.627902633826075,27.66908834784082,16.62790263423672,2.9806999999999967e-06,16.62790263395745,1.0997600000000005e-05,16.627902633834477,16.62672595558193,16.627902634017502,1.217499999999999e-06,9.97116e-05,3.163753e-05,16.626725955801867
1949,34.58671399556683,18.58906931505937,33.254824687563456,16.626922054729896,51.55872365565313,51.55872365569658,49.77562890612261,56.87906035007884,2.305875322031966,1.6310000014257406,13.145077139412654,27.76488770040002,1.6310000126332307,32.60860075108748
1950,199.10081230372634,1.6310000000141582,205.84886907632148,196.01124948587457,1.6300000000983763,31.02090657934366,201.34400140059407,18.229052251837363,3.8344e-05,6.37838e-05,3.0187810000000003e-05,21.935130590319382,0.0001217283,14.025394841011291
1951,3.47662e-05,2.9736999999999983e-06,16.305000000017444,0.00011651119999999998,1.6300000000295978,18.007922034602164,17.93400000000998,34.23900000000472,16.386272455991204,7.995846e-05,16.30500000000004,24.23808245323732,16.38527741605185,9.96309e-05
1952,24.51032633405653,24.510326334018217,24.510326334028985,24.510326334297112,2.9529e-06,24.510326334106743,24.51032633401828,1.6310000000793792,4.216286e-05,6.912146e-05,1.0664500000000003e-05,24.5103263342524,9.515164e-05,0.0028856858
1953,74.66232965158171,74.6623296515721,291.37337193367694,0.00012760229999999998,4.356999999999999e-06,248.2600502537723,252.43853338585785,18.228873388136332,291.37337193367944,16.30400000014911,74.66232965157204,246.5412546918057,291.09487715349485,291.373371947023
1954,41.918566411598064,41.2794816464583,40.793618152856226,3.2610000030081134,4.223800000000002e-06,8.152000000271096,62.72435196158071,14.764253316712216,40.89123673847992,17.560093963353903,54.02684430910756,40.89123673857675,40.793618153277336,40.89123734738988
1955,17.331370922766794,99.57718980772461,24.073366715116634,139.30415241843826,94.52379527928427,131.98436709324912,33.61256857879731,45.21338220171993,33.61223616482781,142.93080586426439,144.40207434105935,36.63952861347849,142.93080586614656,42.516249230990496
1956,40.334159520561755,38.75483871737408,65.23836619659542,38.062927948635064,191.934604959606,3.6456852586572057,36.891882267045915,68.12819840565666,0.00011223039999999999,0.00015920799999999993,1.6300000002032056,39.97013890416078,0.001226763,38.75509459074243
1957,225.6487103907354,225.64871039073154,201.3103855095421,18.2278895107117,1.6300000002162216,246.10426579197053,246.1042657919702,286.51706493621214,40.79361815286119,4.9203500000000004e-05,40.793618152851096,40.7936181530238,0.0002114362,40.7936189303944
1958,24.45614180306293,28.47482921034336,16.058108966864186,24.074030364534256,4.891685343331134,10.312829564991455,148.04691081323008,29.975027764733028,39.40155475000266,21.752010370725323,41.91762197275042,57.08834839479566,56.5976670445879,118.11361282806457
1959,24.511300212959856,32.11609649126126,13.445922365538934,21.876342772026717,10.936621165711061,8.313364096559809,149.9732480123095,36.639160322168465,43.74976934974546,23.05776635225195,45.09600810787952,63.60793438087816,56.948779598101375,117.43646356450114
1960,21.195329680358565,27.861066317040095,18.22869881502248,22.652624350891358,5.15578258286717,5.878999334123513,141.33172734974005,39.46890540018622,43.04446434162387,16.62713834058241,41.56856323782449,64.33521302634618,62.99951124944422,114.13106252831415
1961,21.196001941859876,28.474479537787648,15.468110301326888,24.074985410368498,8.313560195370439,9.91899792875315,144.53076739127846,47.02942779333911,45.68131378508708,26.888962521323293,48.28432924496415,63.92049761360649,55.36342109204588,115.7725639181261
1962,21.195111683254602,26.98808565873003,14.764707733045153,23.516167630703166,8.15213880495069,8.15334178454263,140.72829377506156,47.618904184063986,48.14592221409383,23.34421693756642,49.157029716312046,67.34334802675242,58.92153725476564,123.95613759907424
1963,22.826149668211695,26.989093745779524,14.764616582357496,22.65230284489778,6.52232931963456,9.917921879229466,140.72846821585958,45.095754655646104,48.17392820626036,23.05777841198117,49.587666705028184,67.02679712521548,57.34432305112008,122.28206153160636
1964,24.673513949995613,27.717605526394877,16.38542519715402,24.887502310719107,5.878740349212234,9.918029925223818,136.5390386301129,49.588108728558694,48.174183241365164,21.1960598802393,49.58786660387891,68.55660117676811,56.5978174612652,125.5547037250122
1965,21.19639173674005,25.468160679204196,16.3043907966227,23.740760107445645,8.152152998013763,4.89377092633574,130.89182742568187,48.64114921211595,49.507661466861656,17.02195065520479,50.62215667960146,68.65273888220001,62.14975540417761,120.92735345000428
1966,21.444986925146146,23.058756347550915,16.627962522762214,24.83509309578847,6.7231701688180205,2.3061323072037503,130.51640464221404,50.22719590131639,44.35324584299997,17.93442462198726,47.47868583874806,70.2794043147891,59.50553013480431,123.95600166231098
1967,21.195731903842216,23.059054773767258,15.032214602862,21.753692489455,6.522127734931361,8.152003630864979,126.34538036539658,55.76963802622448,45.47758977831228,14.674044916049848,45.913859712114046,66.84800001196909,62.04207735753247,119.73474334904105
1968,19.701182616497327,19.63279529526978,16.786411404466413,19.084043313015634,6.723058771611609,6.522262625876076,122.19592646510168,57.6445239388676,46.403293059394166,21.258584051388986,49.50679514217435,73.37000394037142,57.4364962475812,126.06172044446075
1969,21.87515560494606,23.058125105594,17.635596583684112,20.624408313103842,8.152014483837034,6.7228674811191365,116.59691295970447,60.677690715472146,45.47740708252869,19.56600000396696,46.40330647737256,68.49844002502266,60.87450975334976,123.15935165020979
1970,23.058211060344153,22.17626617194656,13.930829562543092,21.195557685697132,9.78311293771386,6.522072282521552,116.89134670546167,63.44150997728098,48.64091576801402,14.674014194081296,49.50766475321613,70.12794605891541,65.21703300971836,121.54111633835268
1971,18.590292994112858,22.176798200259245,20.428836446002872,23.3444052256904,3.26118275716421,3.2622443361932834,109.9182421309952,66.02815682856148,45.477399295891274,16.305399824677597,44.85990221932977,70.41171895106923,65.23736650965915,130.04654119126613
1972,25.311443309980703,20.4292581147499,20.429668020948395,23.344169642313762,4.89104071153938,1.6301377551802134,103.85005497452815,73.7303402532893,45.47748373578852,18.008288847183646,46.403435944089516,71.9056046859409,71.74000137777809,130.04670522203628
1973,23.34473728490264,19.01393206426449,17.636153345294876,23.73951140928226,8.15216998694359,1.630113594672465,102.14651783647663,78.88662371086495,44.77044767272123,21.25866284355668,46.688655714487474,68.55561527269691,66.86789557269775,129.63817001509315
1974,19.902643291874586,18.22934126612045,19.01336230459055,19.701227345690974,4.891379742015661,8.152090615478263,102.14653925070805,76.36937077975593,44.35222329813483,16.304252911463564,44.352264475475266,65.40122037809701,70.12794614572668,129.06271025695932
1975,24.88674259906595,15.46765538453505,19.90173378529313,22.709914139649356,9.783045903038593,8.15203891895149,99.98940260086356,78.39659823921332,45.476463265524224,21.19602015181117,47.53438514639068,65.23737116011975,66.92749879632436,129.30965717216262
1976,20.88008748872862,23.34436969222351,17.331439874814826,18.229063134636448,4.611872803797709,1.6300961526931426,101.37561167399424,78.88660521201628,50.22686924856326,16.385637752532244,47.95239557542975,68.96252593423317,65.23739156926491,126.21981705929153
1977,24.888141116823938,19.014867693804774,18.446367654584417,19.700788281042584,9.917864359942778,8.15204975600148,95.54405580603579,79.62482749868333,46.68858617727216,21.44446513431015,46.403394035201984,70.58146577281346,60.524048040758935,125.44809507793025
1978,23.514238413047725,17.56026033615675,17.332192825966477,23.34479454391926,9.916925885774004,6.522352244874975,94.86012236468801,79.62484556439487,49.3459699449059,18.00903936099747,46.9443675356779,74.2513770852662,58.898516518551,124.39518338058755
1979,24.88764212308942,16.058358902107656,19.63282789309799,22.70972429055978,9.916878274368377,6.7231856218332915,95.54405175759982,79.62483194977645,47.98080531614993,16.627202156891666,45.4196090332839,74.25138121174852,58.89951270456115,123.83829438961261
1980,20.879993437659156,15.031979152892946,19.632781902530432,18.228800351092822,6.5223510818514585,4.891448680605842,97.71810444516194,80.28978021706435,44.50254137705521,13.145450253146734,43.90116447986178,72.03493166556625,57.1581382213034,124.98101092762789
1981,24.072486922117562,17.63565470654722,18.589874166548856,20.16805723669035,10.312309519742653,8.152018200119267,96.34783566222958,81.22745108019302,51.480904127934394,13.043139438675018,51.066701531933404,75.63522858247367,59.795390111703135,128.2148462648241
1982,23.514704795780204,20.4292821364533,18.447064039624994,20.429674898218067,3.64616405015258,1.631078193355827,99.18883525026328,81.5218718694747,50.64910397360684,14.674018871773235,52.680905289526166,76.9080620908517,56.29146914062345,128.67018620925984
1983,19.7009498603595,19.08408213113842,15.382371603090673,18.22905281320385,4.891025994095328,1.6315730745510322,92.64733166093146,85.11139314678742,47.39531886722525,16.38538162458482,46.689155190797834,71.90561000174874,55.53083308192525,126.39768830630288
1984,21.258498042331723,20.62342631436873,17.332213802356648,16.626923709947114,3.646200787449872,3.261991128871412,91.88489317853949,88.23887056828617,47.395357677879915,14.764301600214012,46.028921212885614,68.6524520743842,55.53085345868893,128.01782411838585
1985,26.289678540427424,17.02346727914289,18.445674117280312,23.344760225213882,9.782027587664208,3.261129702606872,94.86012848200517,84.04327131282375,49.88166497343113,14.764495014708777,49.50676362326267,75.44173721057346,60.874392161525584,129.3086563563593
1986,25.520301494849356,19.01350861325081,18.589873427719333,23.343890387505592,9.916958294804896,3.2618589748192908,93.37770790364156,86.6741099522903,50.226871904958706,17.935249297127044,47.953338751599205,70.78816197969239,55.458995408147274,127.54976700996066
1987,21.195729207154983,19.084189165373736,16.30501345656315,16.627007821433928,6.722641560846868,3.2624272129964504,96.34692673311494,82.49437645929653,47.53433275900008,16.30400510097473,47.53533114951071,73.4414418313809,55.81725427675482,127.3411279742026
1988,24.238064930923503,16.058107243166198,15.380994432601664,21.753220428697958,9.78206767579169,3.6461651034306337,93.37679082711816,84.04327968575566,49.587944691996796,19.565088748710032,49.50742581099188,73.4414415270778,56.031206355170895,127.21580252953193
1989,21.874905869079278,20.62354808286884,15.381841251322934,17.021926423990926,6.521070668907154,3.2623878559269723,92.60517376338045,85.11098425561339,50.226872278065706,14.674002168206476,51.0667174280832,75.01771700678427,60.34823146721372,129.06271243457059
1990,25.520259896645296,19.014805840115283,17.331387195201664,23.343490268557606,9.918050101387953,3.2614315456430765,90.42719680010707,90.74963526733352,44.292875913973226,14.67405404210527,44.85894171628321,70.12797657411775,57.1581128160173,125.71230328032563
1991,24.073382786502766,15.46796507467384,18.59006791126957,22.17578170636895,9.782107467085437,4.892183802112198,91.8993523332445,84.5627589231261,49.58766701334769,13.144458201905325,49.50670648624332,73.38813091556854,60.414293121131166,128.8978373584246
1992,19.70084498090371,19.083119962482538,18.22849177747761,19.835906795654257,3.2613369550538867,8.152029004396132,89.68853554877352,85.11190883123686,48.64003673286734,18.00919686730577,46.403370954529095,72.03485695344337,59.50454232196697,122.38077642354602
1993,24.834360757663223,18.590504252654593,16.304435497255604,17.022794028439623,6.522084506229709,3.2620709091618143,92.60516809132471,85.11098425137507,49.04830360012493,14.76437612059244,47.95241287298484,75.01771888040452,63.92058282862576,125.80839019754048
1994,22.709817705567342,19.084167230012337,15.382371300021248,18.229058230629885,6.722636670403184,3.646868989160335,91.88400563408304,83.58284446462993,44.35248392448223,14.674003871277952,44.85892735882575,70.18379769316024,63.920498855350104,124.29858842274022
1995,23.34386267396422,22.650516026059123,18.590010884971548,19.70075079063257,3.646214495178399,8.152199630566022,95.53062711491263,84.16900236834162,47.47870829729103,22.826153098899624,44.85894820727449,65.72550978301267,57.08830514600664,125.71232158689975
1996,22.650543280273016,23.344412046546875,18.58995632774858,20.429732103031636,4.611804933654929,6.722923087589868,97.73083950412253,85.68762012776415,49.048034683118736,22.826120521870923,46.94454351897034,65.54231156246607,57.15812091866592,125.71325244790363
1997,24.072583807794626,23.343669628128612,17.332194473268515,19.902502206494653,5.877963470863367,3.6464235753166108,97.73082669156796,85.68761965272026,50.62241829774853,22.88413888157203,49.0487070026773,68.96252010500955,57.08938331061288,124.43750187659543
1998,24.83411787610106,19.014271543082653,16.303608830962066,24.83426227738133,9.918033878902422,3.646486954910945,91.14438881326274,90.74962672240449,48.28425871885788,22.8842366044433,48.146734383701734,66.92749757582618,52.19953531806478,127.84110581673121
1999,24.0733674575959,17.021818389371912,18.228485536320317,23.05783226110835,8.15248104737716,8.152040823523992,90.44097594707895,86.10500948111982,47.05715680528023,21.19511444652054,48.47618928670432,68.96164196357387,55.8172612745934,124.18086424828667
2000,20.623226120295737,19.084106656733628,15.38190157486147,16.62696426144284,4.8910019131335645,4.891714419301237,89.68852788445066,90.74936763830863,42.88978173938702,14.764460856675507,45.418249602555264,68.49844751101308,53.90275688115501,125.92360044696645
2001,23.515419749039555,19.08390224902275,23.51459167786924,24.83383273598678,6.7234406235247635,6.521190567781025,94.07149756969206,87.20936351979225,50.22687162284747,14.674155819173222,51.066699963842744,73.82050595992897,55.43510217347394,127.43503367044539
2002,20.623216113908214,19.083104891548007,18.22850504797804,19.83588885510558,3.2611698348175855,8.152019007633372,91.8840104238252,88.73501265963517,45.477398782071575,14.764253484366364,45.913888897669736,73.44246498579905,53.90295805176131,125.80839053212961
2003,21.195647645043465,18.589328806625467,17.560116979159357,21.753029190008522,3.261036793886441,8.1520101403374,94.07154020131811,86.29071311681454,48.283506584791496,13.044009588537397,50.22692473707867,76.64836071721035,53.80420836206632,129.06271046027848
2004,22.17642743800048,19.013384900114204,15.381001647976582,22.176629986654163,9.782149423752617,3.2610005151623,93.37680129191928,84.56375334064168,50.22700668367803,16.304123685100343,50.622204177439144,73.53184374582324,57.08836701657213,130.47576465397026
2005,24.23801519640106,17.635616508645274,16.78634810064806,19.083936015289144,9.782155323118962,3.261254137347899,91.89935439214746,86.64382952790785,47.97993863881267,17.935003816932994,49.50650408359722,75.01771065942489,55.43506041851155,128.84627514388498
2006,21.87507972693133,17.023081771535985,20.623427753742817,23.34412904971607,3.2618967401438623,6.522159004023486,93.3767978848116,85.68798365839712,50.226935874984136,13.043062404221168,50.622447755162575,76.78695564899026,57.065172433641386,128.9700236775982
2007,24.07261864827508,23.344231258176507,21.258451550616858,23.344904628041586,3.6457613975470395,8.313364918154367,92.70602690106082,89.92532587206318,46.375169090225555,14.674002921752447,45.47739096175901,70.10900424561176,53.82883486672633,128.8968297228019
2008,21.874698799126058,18.589017210929295,20.623433569911874,23.344339651506537,3.2615231045853084,6.521181295430774,95.53063817807926,86.91882241592018,50.62215643875638,14.764263742635977,50.62216730762917,76.69937816050465,53.82886223683719,128.8968662981428
2009,25.520446818128896,20.624730562631136,17.635632461231516,20.6236017498865,8.152044270117571,8.15255331661951,94.85970427458125,88.42028264120268,50.226867553984825,14.674000280858671,50.2268679213408,75.01773544057603,53.80409056603785,130.52666954392063
2010,21.87547577978158,19.901708312632937,19.90253737484392,24.073435748831173,4.891699459124629,4.89155290956003,89.73344283409925,87.64986516398557,47.478742601247646,16.304144112451905,49.04903862528693,73.38711439399299,58.718740275545116,128.80400000189124
2011,23.73947896491786,19.902547528535774,16.30444419727415,18.22855809587626,9.782110293198684,4.8925118116112305,95.69744734702564,84.78251835038647,48.283344421750456,17.935001011669225,50.2268892161768,75.00000199411348,55.43501585753268,128.80500131952545
2012,22.709593009847183,16.786834388528334,16.78683829888292,17.023205173709933,8.152487598308186,3.2613114947020603,96.34732241420487,85.6880242535911,50.226891051381,17.93406983376347,52.19880000658786,76.64834334114938,57.06600767879958,130.44519928618854
2013,23.7395126144334,20.429684934336343,17.636344938005966,22.17673674426326,8.152004974730861,8.152000010665406,97.02172896047065,86.08936027734167,50.22690332033558,14.6740287549977,50.2269258890144,75.0000078918185,55.43411814553925,128.8978274706638
2014,20.429865075973957,18.590243118048903,19.08318979648551,23.34419147112726,3.6461336375750224,6.521301955133285,98.43536016846828,88.25522488086985,50.226868275205064,13.043001051374937,50.22689563199418,75.01773364927753,55.45913765032602,128.81431643907374
2015,25.520245066421484,17.560664391038358,17.635742502253137,19.084046423576336,9.782434627298496,3.262407906320849,97.02167364347225,86.91882161244706,50.22687545480913,17.934093875429834,49.04801089795823,73.38812389821085,58.69600631528503,127.1844460387356
2016,24.072616998427154,22.65066114073108,22.65052583012697,25.520251863647577,3.6457357580769814,6.723300523415684,92.64817978761073,92.05836551646121,44.35248448826753,14.674020196514498,44.35251314854674,70.10901110929343,55.435178038191744,123.91300000274629
2017,23.34384719236932,19.902546528924862,18.589861204821577,21.258445115863054,5.157287290318758,2.3059062244254194,96.29258648733897,85.31358272763688,43.901529352199965,14.764311276754475,45.477516386128855,71.81312693648619,58.71875349210414,125.55460381616919
2018,22.709598607307903,18.22893140006079,16.058109548740962,18.58995317200172,8.152489864875625,3.2625858973819812,97.83997970334973,83.58285566685672,50.22686728847275,18.009187049958722,50.622402402829,75.0708855215397,58.71865725908685,128.8143372854926
2019,25.52024660166906,19.70105287244826,18.589860120961067,21.25858016642783,9.782037405914151,4.891390382008845,100.83685406333534,78.80212534448802,47.9796249660175,17.93506590729134,49.04801089748754,70.10902742594689,55.43500283660818,127.21577810199018
2020,23.344191248841792,22.650515176149828,19.700832012192862,23.7395189761761,4.891044756877225,4.891411726618011,98.09691940188868,83.932233483088,50.62240728810961,14.674005070722865,50.62242415352815,75.00000463936253,57.06516839882237,130.47576430920074
2021,26.988943874565873,21.874178194845282,21.258431300317497,24.88672428886174,6.722694197561318,5.155635672157719,97.19915783245592,82.44581434273564,45.09572161702326,14.764363757508288,47.057022763358106,71.73900401221108,55.45808153442893,128.8968330653477
2022,21.196348909017413,18.58991698937262,18.589858694803812,21.258526785499726,8.153415274846449,1.6311524559650787,98.70497308573655,81.48989190810337,47.0570610504151,17.935169311739465,49.04934322549519,73.38812855845896,58.69601063523442,128.84629093019586
2023,23.739477186707937,20.88063873020238,16.304525245023413,19.08405206722763,9.782040202433471,4.891467110142276,97.83997877210736,84.78288225888258,50.22691337147463,19.63278189723341,51.06675590535317,75.00000016493784,55.43501775920279,130.44518512196726
2024,24.834224010034262,20.429714424742247,16.05810820824793,24.83421151903338,9.783003127040505,8.152009867747694,99.33660190840007,82.44591308608416,50.22687284829752,14.764253679940154,50.22688186040383,75.01774238056555,57.065043000974114,127.26802177194517
2025,26.34070479103067,24.07256672674315,21.258519034841168,27.717592402375566,6.722670373164641,5.156491840609863,100.21558958686721,82.44582822659467,47.0570265972851,14.674009642210384,47.47875141428387,73.36900359691877,57.08849312312709,129.06172594745743
2026,24.073366891471522,19.015074094702488,18.590007292581753,20.87924770000584,8.152225544652257,3.261552667304299,101.72901150169186,73.87565915233036,45.91357810939717,19.633040256665318,45.91365301521226,70.12794587125887,55.435005246050885,128.81432783507867
2027,21.874111699072074,19.015005584348813,17.636322711417566,20.8792609950789,8.15224869347892,3.2617403967875473,103.85040784067832,74.5020263501592,45.477398202511495,19.565158433173213,45.91358973253382,70.1279570014827,55.435008933198894,128.84527385537444
2028,25.31071752965446,21.258447537944384,19.013951907559893,22.709738225229273,3.261001285926787,1.6324588815648904,99.6171233945306,81.14616979304469,49.04830415989198,14.674004981336225,49.0493043509591,75.00000739615206,57.0652363796252,129.17504457580173
2029,24.238112028710603,18.228954429004848,16.05812001812689,22.710047442360185,9.783008414315164,8.152054906978963,100.83686546249733,78.80233013239689,49.88174964977764,16.385277678707716,50.62241799352705,75.01774363171553,55.43507575689429,127.26802213683573
2030,21.87456500047085,18.58990242020913,21.257712165588895,22.650557654851827,3.646216153522538,3.6460572874072854,99.3356840537529,77.51087337199652,45.47739421038982,14.764535183343913,43.901531264029444,71.81311042617477,57.088417173616286,128.9690277335989
2031,26.989047119820317,21.874215704294993,18.228437148600587,25.520263720781248,6.522126442698319,8.152005596214021,99.99034863831221,79.49111452920936,47.98062785522593,14.674000519593354,48.64091872683792,71.75755273689323,55.435066159120126,125.71224980424479
2032,21.874789118521264,18.22980099001,19.69992632411301,21.195782776455893,4.892446384350411,3.2611108317559196,102.82116391209009,82.39711872200216,50.22688293727224,14.764269662970117,49.04897755322058,71.75753964755933,53.82886201101098,124.1808963003216
2033,21.25865690242984,18.228521852045237,19.699986700984567,21.195387298707796,3.26131052799573,3.2610358218248368,101.36340402183815,78.8026076270349,50.622178272639985,14.674074317543964,49.048976852386595,71.75751544269066,55.458166527740225,124.08458141842159
2034,24.834171079685852,22.176985482483246,19.90268761640702,24.073368118150032,9.917944728137996,8.152046515846237,99.98940535136332,81.78240589195482,43.900541795870424,19.56500892133341,45.9136649635824,70.10900336818253,55.435035687384605,127.34108085694933
2035,23.344380783614316,21.257598763349723,22.650514384305627,21.258485678922884,3.6456922850075775,3.6467977867779693,102.82117241204244,82.39699137584365,43.900505482893074,14.764260304007625,43.90056351794611,71.73903852385897,53.82894863637447,127.26806180419669
2036,21.87550919593588,16.058184044963046,15.4680476444759,20.429697058694373,8.1536068383615,4.893202933461415,99.9903131564464,76.64712994343994,48.640928285169736,14.76444562205895,49.04924160402933,71.8130887439584,57.08841054476588,122.38084836064004
2037,21.196452292632575,18.229789787120325,17.02283084295699,19.701165113040634,8.153595569336474,3.2618730532158646,99.89676099158191,82.44590213039335,50.62214897940395,14.674076649317337,50.62214370137607,73.38710444972223,55.434203669501926,122.3265101648226
2038,22.176461317927522,19.01422073683904,16.058107274903982,20.16735897669004,8.15354167244446,3.261547891477264,99.18925604931255,83.28063365987938,50.22687680167619,14.674099624208068,50.622409961992275,75.07086067030062,57.06515364319321,125.58537633022902
2039,20.429723184257817,17.56022204064133,16.058367263598413,19.700781635235288,8.15247659296246,3.26251137883453,97.8399848084565,79.02111184686797,49.04925838376236,14.674282634520004,49.04924432753782,71.81309424405067,58.69612240426438,122.32649037601321
2040,24.07336699211616,18.22958600874921,17.635682237029577,18.22857383040771,9.782213002123582,3.2620826760589297,99.33699923435904,79.02106397773255,47.05701557614799,17.93422563094158,47.05700563154874,70.12795641951695,57.08934116207768,122.29387778241463
2041,25.52030104927938,19.01457546305807,16.304504505615704,19.901734295020614,9.916972978396212,3.646680409604836,97.83997893133669,78.1421063542206,43.900495008590546,19.63284652414481,44.35220646963399,68.49739836856178,55.435052327604275,127.18445909561252
2042,24.23809971495698,18.228975283940112,14.58274739907293,20.624464514706833,8.152007931938286,8.152151665329146,97.83960478017542,82.65487517403807,50.22686688158274,16.304006024540627,48.63995172457186,73.38713202293185,55.4350524637191,128.89782887630042
2043,24.23809248427414,20.429778791735007,16.058118097904288,20.624443454147542,9.783000872184429,8.15228153328875,99.3357058718035,81.1459889841414,50.22686914192118,19.565000670192703,49.048016512331714,73.36900721903774,53.80503434653699,128.84627458630462
2044,23.34477413418743,16.058273396528115,16.058237857539698,17.560121322929522,9.782265724176769,4.892922919983453,97.83998072085664,79.02109884048946,48.64092692672666,16.304230957500668,49.049246957158985,70.12699620985066,58.69605056108773,125.58635691066335
2045,26.341164683292554,19.701270908820486,16.05814605215557,22.709697699227988,8.152030179110277,8.152083300826162,99.33661023398251,80.96510283123095,48.28427190723806,16.30500979150768,48.640915974436034,71.75754746451284,53.80408551392108,127.18444872984476
2046,25.520250251509392,20.42983069816293,16.786608514006037,21.258545944573882,9.783000189784794,6.522446390033719,99.33660769887882,76.00303569943432,45.09573505048475,17.935038434218647,47.47867928186944,68.47901042606377,53.80505115874168,125.55358140196927
2047,24.833723039969716,17.56133655395559,16.7867135391514,19.013480537282057,9.782131315342053,4.8927827511811115,99.33699798354913,77.51004185820045,48.640926552385515,17.935086635322286,47.47867941189596,70.12796942975925,55.43504297702658,125.55359585768878
2048,22.175786845398775,21.874564734055806,19.700795820993704,23.73938514301501,3.2610421691625144,6.522517076128251,100.66579737682991,82.44582279393904,45.47743334902354,14.674008506198957,47.479033003362744,75.01774299235882,53.82892740656242,129.06172263510197
2049,20.62315606727743,19.902506528278263,18.228458036839974,19.7009538946184,6.522533894370205,1.6311424801288537,100.83724676127184,79.64115485842534,49.04925293544862,14.674177733751502,49.04929178655561,75.0708628558011,58.69611391206682,128.8463239889337
2050,23.739575541877798,22.65144728569861,15.4680721945047,23.739478543616773,9.783004275237557,9.782009182187913,101.48090321633299,78.14228875615038,50.62240136655446,16.305044034139748,49.04829524998875,73.36900736572207,55.434093345096784,130.59795650189704
2051,24.83375074896266,21.874645026150663,21.87456442139704,25.52024700868019,5.155573497512782,5.156158865373445,104.47462674350005,75.86343746177093,43.90149092661676,14.674000190582811,43.90146736424701,68.47900253500116,55.43414649120598,128.8978278797315
2052,21.874619328892017,19.901908510818746,18.58988585529253,19.901693022454577,9.782322059045269,3.26116534384885,102.34146130663457,76.00381800107299,43.90051054755284,19.632849915954633,45.91366160094003,71.73900867996508,55.43500532859753,128.84527448002436
2053,24.238352305615376,22.65051542453402,22.650565957739094,23.73930430947063,2.3058693126549845,1.630089274733131,105.1221601521295,78.75194542473619,45.47741198646302,14.674018098810167,47.47903181762874,73.36901657825112,53.804243102450606,129.0617213418095
2054,24.83423234359409,19.084121786786543,22.709827433926783,24.072488341721165,3.2621246287965127,1.6312696087431364,102.83367361052728,77.30355711895434,49.04904076605137,14.674085969930099,49.04897490941172,71.73900944122403,53.80418177818149,127.26706425182597
2055,26.340780283253345,21.87470858429927,19.01484894934478,25.52037714131826,6.522103983780205,8.31363648382347,99.33661016786007,78.1418662933748,46.37419810576668,14.67400380185892,47.47867894987387,70.12798550229651,55.43503492445077,128.89682816091957
2056,24.238353794405786,21.25843050447219,22.650546244027673,25.520322088343736,3.261177836188814,3.6467099170847335,96.3469235656891,82.44580117554166,45.913880948611364,14.674000521191225,44.353511855630586,71.75754699749456,53.804288549487616,128.8452765452967
2057,21.19634107489912,17.636183472649698,21.258490284997222,22.650617599150948,6.723435443759616,2.305882438772821,94.1990293129834,82.05768445541814,45.91393615672996,16.304103891524218,47.47909118673601,71.81310584886269,57.066071449082706,127.1844473364947
2058,24.83415018785886,22.651570830299836,18.58985899461667,22.650573595070092,9.783001669284602,6.722792545200906,94.86011839644245,84.60980687515702,43.16870740455225,16.385285987665917,43.901509761631445,70.12797421188864,55.45900376779839,128.81531818345482
2059,26.341077567987455,24.072501874849266,22.650644414532692,26.98891649770518,6.5220340278646685,6.52264896127828,96.34692511788802,83.1359740008717,45.477422610260696,14.674029098503532,47.05709154140351,73.36901547655542,53.82886734331347,130.44518501246287
2060,23.344339390628523,22.651401275760577,18.590053951361256,23.344359805726715,9.783017041158638,9.782004361181233,97.19917301340419,83.27932187028252,49.04901915719425,16.30403903480147,48.28450649905752,73.38812878479195,55.43502736959184,128.8040003131049
2061,25.520245241416024,21.19658852249819,18.589999425883118,21.2585393661474,9.91787042090636,6.5225645164282495,94.86013201095636,82.44580689811959,45.09572325829259,16.38537731884505,45.47741223856102,70.1090005457751,55.45898930249459,128.8153183021849
2062,25.779870509254547,22.651488600076,20.88004201755189,23.344338617579783,9.918033913056771,8.152013547525774,91.89892580301616,84.78250288065448,45.09574282919503,16.30504003212385,45.477446231614685,71.75754393962062,53.82876518762439,130.44518631354555
2063,24.941470513142804,24.073389999007674,19.014896712615204,23.34435107195771,9.783001661116147,9.782001964833153,94.19903794666284,86.9197754026541,47.057074986531184,16.305054874461607,48.6410083183052,73.36901512908356,53.804078589132295,128.8040002571476
2064,25.520388229692003,22.708918625971524,21.25843056467908,24.833774603721615,6.721815383724934,8.152037319645299,92.706025787437,89.06454752325793,45.477390735664635,13.04400000027693,43.90152783737937,68.47801225605846,55.529915613522654,128.8153299630646
2065,24.833802045199718,17.561130653969915,16.058194536547553,16.626922185035525,9.782093667761705,4.892450535481032,95.69651540470124,85.11192139192798,50.62214552964405,17.93505712315286,50.22686944942885,73.37000976299865,55.45903104879641,128.81433531447553
2066,24.834335315368627,18.590371841419678,19.084090048104684,21.753063942210087,9.78301757536683,8.152017882440198,97.19915832570567,86.08931125489006,49.04898289131127,14.6740035812829,48.28446411036464,70.1080059207861,55.45816220579985,130.44518522247483
2067,22.709023419686634,19.901685840051258,19.014781370633653,24.072642601471262,3.2613174799496534,3.645764768890629,90.83652003045742,85.11192466757073,47.478741411337644,16.304123977409002,49.04903696931557,73.36901798919547,57.06507527920623,128.80400000061476
2068,21.874571478093582,19.013577918947576,21.25854778110265,21.25848809649545,6.522543107477263,3.646196534060622,91.43558881072568,83.58190220910144,45.913909376585195,16.385458501476712,47.057079422685746,71.7575615049474,57.08931114384875,130.43500054219894
2069,25.31168925469741,24.073415859438246,19.902696862501525,23.344334668480634,9.783000604101193,8.152036641929659,94.85971503787347,86.08932439974254,47.478741528199734,14.674067344293073,45.095068771680374,71.73901660134472,53.82876388045045,128.80500019419787
2070,24.238352417784203,22.650516470357175,21.87473799535165,26.988925534536175,6.721640901747815,6.723399913392153,92.70603188635711,86.08972941467894,45.9139402902848,14.67404482207821,47.05711814900647,73.36900838833151,53.82882040079411,128.81432661908428
2071,24.83415263618653,17.023273090543597,18.22873831094848,19.084144176627447,9.782122985257528,8.152773913106126,96.34731616259984,88.25520769500802,45.47739201733726,18.008959414941916,43.90049807996575,68.47900430260088,55.65038810221363,127.18446039241672
2072,23.344355574101513,17.635604769617224,16.058110838029414,19.700962123101373,9.782219980843237,6.522853682153475,94.86013805475832,84.78288273851423,51.066734116446554,19.565000141853716,49.88174699760234,73.36900088954903,53.82974604839679,128.81532648156772
2073,25.52034997493642,19.015000701304132,18.58986001587966,19.901712116089904,9.917177513788868,5.156717749404513,90.42716222613075,90.5589163372834,43.90148967158626,19.565008031738294,45.095953652550726,70.10900163106817,53.829738698673715,127.1740011508557
2074,22.177153763841805,19.083181419372284,22.708695520574107,23.34436283235643,4.891184455782075,6.522211711344674,93.56208466466833,88.42029084451607,49.049247687542945,14.674087120472754,48.640921280958906,71.73900730658941,55.531082292355954,125.55459413342527
2075,24.834008878165495,22.175720445300097,22.65138369098795,23.73951678556767,8.15210527685338,8.152015699690581,93.37726760076032,91.21680500188162,43.90049717430899,14.67400710683225,45.477410010758035,70.1090000829774,54.025931127971994,128.81531505318551
2076,21.752989287830957,20.428316163248176,20.429190784387174,25.52031142350432,5.1555438920249355,3.6472129970059926,91.89895405945863,86.28973892106312,48.63998767831923,13.044033919152792,50.22690271900444,75.00001190379596,57.08846696892764,128.8050042117064
2077,23.73985109942829,21.1954003728173,19.084123019016705,23.344386349632245,8.152038931312628,8.152127972479622,96.34823740570287,87.57413309179388,50.62240385437658,14.674001628375553,50.62241246982417,73.36900512193299,55.43522763343267,128.8153152454679
2078,21.752252337639344,19.014756896437653,21.874573721981424,24.833910639582886,3.261348640454767,3.261629715329617,96.34733342840394,84.78284648465274,50.622159844622715,14.674057387086926,50.22687828486487,75.01771110517433,55.45809864883763,128.8143134257714
2079,21.874560281602832,19.014437342508902,21.257727419447384,22.650533594480432,4.892837423360846,2.306613063407215,94.19902964007477,80.53760270528134,45.91390102026857,14.674055399366713,45.91393890111888,71.75755260284058,57.15818190670874,128.81531377206034
2080,25.52025462403596,19.700993202583895,15.382036958219315,21.19554161750909,9.782064809111809,6.522633648999144,99.3369934063691,81.78234759521426,48.6409275245249,17.935014615901743,47.05701078040548,71.73902891037785,55.45902424661729,130.44418614624095
2081,23.34414144913138,17.56111060236819,21.195751757380883,21.195771499355722,3.6456852680921514,3.2611525026352504,99.9889928794836,79.4908628014425,45.913901055580595,14.67412689643494,45.477390985489784,68.49742278668022,58.718858723190436,128.804000449851
2082,25.780173256177388,23.514685464322532,19.901746483120505,25.52024461100689,8.152009669592935,8.152251945595445,99.33660246219507,83.93133196800764,45.9136244993285,14.76428907177885,47.05711142321995,71.73901122973194,53.82876504050587,130.4451843733819
2083,24.833724084639957,19.701024938563013,17.636519980221724,19.901777424437615,9.782115943451531,3.262533739400834,99.33607439837772,78.14207859373245,43.90049659530731,19.632900202890273,44.35219878315869,70.1090003417114,55.530852687991754,128.81432715131837
2084,24.834157482552662,18.229896992342677,14.583742905032993,19.084172609861824,9.78212264451104,6.522718435504011,97.83998079073099,81.14623963329987,51.066710347100155,17.935024341868097,48.64092072882431,71.73902882784219,57.065017773689696,130.44419787649792
2085,23.345036010265826,19.013433388067966,22.65059559475117,22.65051456351491,5.1555482330445885,3.645993033609519,99.33699970456571,80.20688593271393,44.35345669115377,14.764396589001551,44.35345130622044,70.12794586745373,54.02606946728873,128.80500013724196
2086,23.34436190214268,19.90264336342484,16.305081737004123,21.195442388922825,9.782244701216621,6.5223622609116,97.83998548722626,84.6106989710698,51.55872543617124,19.56503183402562,50.22686938424589,73.37000683082688,55.530884849030116,128.80500043706886
2087,25.778913953801126,22.650560224205027,19.014842951693332,26.290156040995146,8.313564151770324,8.15237464548439,94.86016936522978,86.78154902435668,49.04837941358744,16.304077655698286,48.28358120786194,75.00000043653642,53.829798543093226,130.44519709854399
2088,26.988937813535088,21.25763059141109,22.65051423888553,23.344353482588968,6.721670697916195,5.156284483419837,91.43558503194856,87.57413526805865,45.9138816141985,14.764364608776745,45.47746445289764,72.03488706912805,58.718791509815986,128.9690487058578
2089,21.75329729515711,17.022819904598645,20.6238591242068,19.08386013350719,4.89108466813254,4.892062947621333,90.83779018256446,89.73341982410115,44.8589355905433,14.764253436787392,43.900547823395335,68.7889099290402,57.158192483509914,128.97004888468052
2090,21.87418020172241,18.229618675729366,19.902571053070016,19.901684950134214,5.15560394418691,5.156957700521054,86.91979233656696,90.42584796920754,51.06670176968299,14.764499647546755,50.22686695823427,75.07090421718988,58.78673096549945,127.26806777689379
2091,20.167329797983314,17.022788136524785,17.561339581668605,19.700868968251825,3.2615502216965457,6.522932629576911,91.43466198306658,93.37769162298805,44.85894131280001,18.229217709990298,43.90050082795653,68.49840211499905,58.899427738946336,127.26804273837644
2092,23.344158936231768,19.700766273755185,21.75201206553992,22.70981262627261,9.783013857148333,6.521340028003156,93.56209332268406,90.42716318895826,44.85895321639541,14.764378529092252,43.16782255675355,68.65344363316548,54.025905126692734,129.30966239220916
2093,25.520285620396074,21.87463559489488,23.343851399425265,24.07336711995699,9.782081578196925,5.15656104904659,90.836500933848,88.25520773204046,49.04926449173026,14.67400638599082,49.88160757624612,75.28296085872182,59.05760789614152,129.3096596992645
2094,21.445523118887323,17.635583949846907,15.467676101619366,19.014353146044787,4.891073544702041,4.891483236199956,93.39145657370233,85.42302537601812,44.858954330935845,18.22913073610653,43.1677239728896,70.12797784936708,57.43638196714888,130.52666821820068
2095,25.779998273508195,16.7868590634509,20.623792750700538,19.700753308886412,6.522046084805337,4.8920511370410384,93.86007986374426,81.78231432300461,44.85892581483244,14.764316810811103,45.47745076531917,72.20072727016675,62.04176989284341,129.06178823041486
2096,25.778892456583208,22.17542359593539,21.195443696748264,20.879808860430874,9.783002256772985,5.15680931569125,98.54451922499038,81.78231781963338,47.95238821399923,14.674128644932358,50.22687592698973,73.82049563704545,62.0418251386435,127.4350797978938
2097,22.884262677564465,20.75243496193201,15.467970418192646,23.343855992192914,3.6462077254972822,9.783004770259502,98.54354176924097,78.75237825229274,46.944193084467294,17.93500237093054,44.29298205498931,68.49839704234013,56.29162927807845,128.89683727140545
2098,25.778887600788703,21.93580038969284,19.084722407098425,21.25843949942256,4.8910690369457255,2.3076813669500886,102.41969303425735,73.87469092168885,47.952388383568675,14.764355960993196,50.22690987186226,77.06338618949383,60.414164397520445,127.43500866140943
2099,23.344361576600953,24.238127934558484,22.70887696545997,27.717593596297746,6.7228678694211945,2.306413564525035,105.97789308234508,69.36534962289484,50.01409952271948,16.305116720619488,51.48191334663703,71.9056152267038,54.198174411322746,128.8452942478162
2100,19.633025417027323,21.93532618091138,19.701010979390492,23.739744419898173,4.891225990723,4.892008224566332,109.96751587709409,70.78772478585472,49.048687014163924,21.19603271762348,46.37431705345922,68.4974018303344,55.001158391487,128.8040827753247
2101,24.94031319521009,21.93580430014109,16.786359211838214,23.344535359703904,3.2616124068938905,8.152000141707543,114.28133182216695,65.72595028284523,51.06680124817572,17.93522531249608,50.62240707357267,70.41173206358205,55.81747062771907,128.81535656611106
2102,21.874112744329008,24.238795621871695,20.167476609379776,22.650759499420026,8.152362220166667,4.612427429518641,117.13068391483154,66.02813051175862,47.95242788755076,16.38632453997007,48.64099160683007,73.531925120261,57.274416289159404,128.81433687628655
2103,23.057864876043,20.752171634575003,15.467665157104484,22.709950216227313,6.5222345586920305,6.522292553284074,110.72592399037595,64.3138510411535,44.85993603593963,16.38581201632438,45.47739574752271,72.0358577283098,56.29163148350002,125.58639837543936
2104,20.624533554109984,25.363990084123735,18.22832531937827,19.901775133957795,8.152220787000545,3.6458033343782783,118.69711412375564,65.58384949420395,47.952413332486124,15.031981464171652,48.64001312021116,73.65932949326499,57.43661069750617,128.80503605504188
2105,21.753285734498544,21.935233493579524,19.083227131871563,22.17691580097504,6.522282897729053,4.892514665013173,116.03553223764523,64.66438106317725,49.507686432625505,16.304048453773746,47.73069629853158,70.18481431042123,56.291711047835086,123.91305516552978
2106,21.196384122920538,24.238114789035535,19.6330012800783,22.651499038666415,8.15234266726539,3.6462558549854527,120.7183431495896,63.92090322494583,46.94458579772959,16.38528642999469,48.28456246326726,73.65842556506381,54.68624213363662,127.17403984559981
2107,24.238022038378045,25.467908490660502,14.764973211340424,21.875993390702977,8.152044779096881,6.7226058159782704,122.20666736235495,59.349146376876895,46.9445501560247,21.444457013559553,50.62214498008017,72.20080904390358,50.78022091364111,125.54314118255076
2108,21.445409805291703,28.051404720366545,19.083222861066226,20.623554021544443,6.522290407234554,3.261131600259204,127.72656729676036,55.387196990976676,52.0974787393161,16.304158048195006,49.345773364746584,66.9275491674579,55.001315839052104,122.29401162776536
2109,24.941311440456705,27.136321707679503,18.229123677810204,24.23884280428013,3.6457113839693585,6.52219158797288,130.89265000181214,54.19823160018306,52.68094987383971,21.257680052927906,49.58770422313819,66.92751108417372,54.68711726792357,120.66415695085847
2110,26.290239683454452,24.456702159286277,14.764681638863648,25.520794564647073,6.522149148529541,10.311201695662804,125.03464982968684,54.29689341642315,45.41831106889082,21.444589232616796,48.64091807873212,70.41074840759467,54.19885771452295,123.95617973476622
2111,23.05776471426495,27.135856915815843,16.058123162801888,20.62441083400925,9.918028327448164,6.522149385321444,130.15937059704558,51.995928161197476,46.944235930252695,14.67400429562372,47.057009639928175,65.40119231545856,55.0012519125887,123.95597587006742
2112,22.17620566737238,28.8459560177544,19.63318731255992,22.65134918655225,6.723504502903316,7.291384515093401,122.98729056331649,59.993872830016734,48.477320959470916,16.38534621362402,49.88178707195405,68.78810163153992,54.68631092222847,124.00971101563337
2113,24.510259978857054,23.51460321749807,19.084049982160476,23.344694540144257,8.31391499893261,8.152790995065669,115.48498959858317,63.92004188481474,46.68831055588933,19.835406378042347,44.77061691017396,71.03188413872664,56.29162534916762,124.08455258751631
2114,24.456193409669662,23.058363610179867,21.258633728882064,21.196359749981237,3.645769778884172,6.522344976672415,108.76439393200857,73.07903087931044,51.8157135736185,18.009127099690428,50.648137522563616,74.0192919019795,55.362666754614,129.4627118427997
2115,19.633033298576784,23.172315757229846,16.62692525577485,24.83381490764961,9.783148624725845,9.783113939367935,107.76983664487435,71.08739294553999,48.476032014499175,14.764366878836364,49.58767470825387,71.03196917434353,55.00127488518682,129.63718903377747
2116,21.19600324794169,23.173127208855487,18.008931830771534,21.25781488659096,9.91788223969635,8.313597514181737,111.59833272362293,71.46113000153451,46.68836562662317,16.30467309450883,47.9798472423076,69.71009348012706,60.1279300718068,129.83181581197871
2117,21.196331228281174,26.541741617399694,16.385433333707113,24.834129283418306,8.31473955308333,11.52902432958224,113.92065671551028,66.9275960209581,47.53527411146183,14.764301925556634,49.34578493513225,69.4235780670863,55.362652223921536,129.46281754439602
2118,19.836009226713795,25.779976513313986,16.385544495158435,25.520478232258103,9.917203395061781,8.314378114038544,117.68533544903161,62.93633357525592,47.535531912003314,18.0082105822663,49.88176552112662,69.42259422356267,55.36359834422542,126.06076989248233
2119,22.82706401365712,27.13586883543671,18.589977225500864,25.310936872544275,11.528964069198228,9.782201789997105,121.50758988091667,61.63472168092815,48.17392807582098,20.167197394033824,48.28446430115526,74.52034219816267,53.407787066996214,129.06279967736683
2120,24.672553053805302,27.13616784634773,19.565178475489585,25.52070613534312,8.15201467485337,8.314499759710424,121.50877582502801,59.079506503818166,50.33274949144454,21.257598810981467,49.587875052627865,69.70913537528901,53.7799135844473,120.92713977473485
2121,24.510277709639315,29.93095117903273,21.195018498883382,28.474350414122263,5.156053830608198,5.156628823178564,133.01812709791156,49.69510444178295,44.53234285338295,21.444638919208906,45.09594029528988,72.40300431056858,53.40775220954757,125.54318267463027
2122,24.673450273714238,30.32835839828231,16.30500946549131,28.474472248300945,6.521072519801954,8.780283108103541,140.0002129579788,46.34637786291088,43.04531783323514,14.764255538631108,43.5052330544976,65.54327358936503,55.00124868764653,125.7124558383195
2123,26.54156969642073,30.76330327269634,19.632912353775353,26.341590999154853,4.611772254537397,3.6463516232707778,144.73241344719239,45.33211633974454,46.029004831251356,17.935084390388607,47.729719324871084,65.2373837184862,54.68631665835981,125.71238258398493
2124,23.344275139455426,27.136913126830123,22.884204821741125,27.86120492746135,3.261009366723156,5.156896363825459,147.5068088447076,37.18068088371071,46.94431601464886,21.44538547946587,49.8817814074524,65.23739515219275,54.41813183721793,124.43764344578048
2125,21.444844365536504,28.05144499192261,19.63335842887824,27.861128342991545,4.891368058121944,4.891020529218947,148.2985981530967,38.652136820360155,43.90116344333822,16.626935982117665,45.095773045071134,65.23743227365784,53.08313505085107,118.11358128248474
2126,23.344132459433954,29.931007175142547,18.00892261031337,33.01367112600181,9.917871765247227,9.917923126107063,151.5686612425287,35.008580266798845,41.79100692020718,18.22815641626442,43.90058142531399,62.042895131344736,52.80711169942787,120.13373850479245
2127,22.884423465062966,30.63328088571058,18.588992795738008,29.97632571551688,3.645732736122622,6.522011019319242,155.8159831696796,32.81264238772955,43.900873204606114,21.752986291173972,48.28348266333547,65.23841387066373,53.083294834194504,122.97573601785373
2128,24.94030511499337,27.718443968852206,18.008962688139512,29.975900126398322,8.313447956950334,8.780120821952304,153.16538945568726,30.63319580219939,38.75546198952008,19.834848836937574,42.79608463768525,60.52411081850409,48.283575952080426,120.1338664263217
2129,23.05781297462569,29.165601937057044,20.167104517585052,29.392981812638464,4.611831046163951,8.313588863754104,155.81597307778364,33.61366104772835,43.321070736282394,19.834916681100747,45.09600785316842,61.978577686925206,52.57998815697469,121.74882745563016
2130,25.31169520398095,32.115940013177486,23.057846476815822,28.474152760551178,8.313571241170894,6.722615596972347,157.64782792508154,28.89298000043652,41.79208302876487,23.05784884565531,47.05712281558908,62.04191427314793,52.80704906559071,120.36590693583146
2131,22.88432537552502,30.633270437501817,17.02198207623559,29.392779744323242,3.261001687997747,8.313577627435834,157.03899454248952,30.065265252640287,41.791755139909654,21.445404720718354,47.95243818908825,63.587314560375155,52.58006222181909,119.01041543807199
2132,21.445412009712136,29.16642311387257,23.73944273123224,30.935346950670105,9.91687621543012,6.5220743497881015,151.05932381527586,29.976084233264416,42.79733893298385,18.0092179261667,42.79725541184125,61.957135383654425,49.88179001941756,119.91177038783994
2133,21.75335177797222,29.930918191641897,23.344517600198152,26.890133874984727,8.152101504750831,5.156727876172999,155.81477327864923,31.658426791249422,41.24671836743169,19.63319014388647,44.85989590856149,61.97775398834002,49.881553424993065,121.508943431393
2134,19.0841635565446,29.165036843321865,19.70078517951036,29.97481040292133,5.155924327586779,6.52200085164736,155.02012221703947,28.47665447788866,40.33451001539907,21.258583052052117,46.028939035364864,62.04311608995669,52.8070251991238,122.98753021924891
2135,19.084519749312655,29.931043019596355,20.62345049095523,27.33129714938727,5.156812718706041,6.522019505827998,156.3263831476952,30.936884833034615,41.24666437648366,19.632782069835745,49.04958790289274,61.9787543392127,53.08326827083115,122.58615628993181
2136,19.835112302346076,29.931015803247046,21.75209026816465,30.93585946038473,3.2610820214525664,9.782004212332193,154.76302349272768,33.01441177592599,40.891429472571346,18.00893876319338,44.353147660647984,60.327058996176504,55.001252008648684,120.25478264980221
2137,23.057907246844877,28.521593930648137,22.177047681727256,33.01352910714332,4.611794915870575,9.917862403506327,158.58875598417978,32.033513417991266,42.297052251318696,18.008993489371473,43.16774815301282,58.78556857765496,56.94803824333545,125.71283492682927
2138,22.884210968453274,29.166498367299234,23.344266761108777,31.15016619565103,8.152073596919974,8.780999322559184,161.33930633312713,30.935928812495245,39.80428272646205,22.17678103837726,42.67234964487625,57.6446276241117,55.362388346583806,120.36578118154578
2139,18.590003244223112,30.632565445818962,24.07385960751825,32.03370298718964,6.723164908897032,7.291844394088536,160.587112747055,34.855012517893336,40.85973840616335,22.884302837757083,40.76070515175716,57.64554405112877,57.343306533200895,125.7129008219
2140,19.836060453363466,30.632969478260506,25.31218188991272,29.52853073685581,5.879407382409344,9.91801407136536,158.5887555548444,30.065590014371697,42.39182011753071,26.137973482140715,43.32205536745841,58.696531554595325,56.59767550988739,118.66416617590899
2141,22.884281862430537,29.392548429776124,21.875399304973264,29.39294232877339,3.646296143253375,6.7226038906579655,160.9505320098526,36.20202286841797,40.858856139800736,19.8350715512095,49.50784258392525,58.71855641028142,59.5055444920589,117.40306229874399
2142,19.633061440189188,32.11621200784531,25.77961697475522,29.39250969117135,3.645961309205677,6.52136772295576,157.7820915212922,36.458137972541635,40.8916965581716,21.445740746516208,43.9006598452075,62.29897039888722,56.94874746135248,123.59149130616989
2143,19.63303026916693,32.11601816204628,22.177085208506195,26.54204243068088,3.2610451597983365,5.156409991569269,160.22311873135166,36.78505929466956,40.26947625407673,25.311687372313717,44.77089265935596,56.291747958415996,55.36238072461514,117.79911185842292
2144,19.632785568228694,30.63266175148348,23.344193289415777,26.88992057943646,8.152010003578306,7.291912640468577,160.9505492055824,34.04552490453957,39.468351024396476,25.77983706696399,47.729866733823606,57.644543453595524,56.94802615411141,117.94463027832792
2145,19.633881113067783,31.362085716946815,21.7524000292308,29.166431147344177,8.152058558928584,7.291819028825089,157.0390098121548,38.7554296765819,44.770670933687136,24.67245612440728,42.89002848107861,59.25844650935892,55.36238529053005,116.17381712046182
2146,22.88438469274684,32.11671518533811,18.22922711975787,27.717899306839634,3.26125638940718,9.916900284941699,155.81502010794722,41.792184207006954,43.075775484914054,17.56069699831331,47.97962820329854,60.8746985004194,61.396228169998615,119.42355007276385
2147,24.511374368558005,33.01486405382104,19.083074316081486,29.932684849705872,3.2611369998306046,10.936680250555263,155.81500445336107,41.79232276253285,45.301569008128446,18.22928601490261,44.14265986172767,62.490155486573606,53.77885480410159,119.20063308011964
2148,23.057774930011128,29.166616371101806,20.167269699956528,29.16704552122232,8.313392988800887,7.29205439279881,150.31960795209773,42.392754491880346,45.213720618348056,21.752161423377842,48.28447862426236,64.33526177986512,54.198311785113845,122.45603827621414
2149,19.63315821349432,27.136071220889075,16.628027472057223,29.975980671064494,8.152351869371733,9.782218100394335,151.05956256862981,42.39253907718555,43.04447805129764,15.467723657138693,46.68849823999114,63.92078707083736,54.68629205220354,122.45601520729235
2150,21.258867466036254,29.931094712666205,15.032391390713027,28.475301709625864,4.892093321584166,11.870408863974337,147.89482974020743,45.302639764863855,43.04443990683778,16.385398353320568,44.77043266453083,63.9207396346444,55.00120975026847,119.12273166854263
2151,24.673652184086308,29.166316858019776,21.44467878519285,29.975362843669473,3.646230824010007,8.152133631285107,151.56949037031865,41.56856052058751,45.942521294741304,19.6339585918747,49.15709075900214,65.72453926477141,55.3624393088488,122.3801021203229
2152,24.51033905630295,29.166461995447026,19.08459410781469,29.167424287737315,3.646592290956544,10.937065016562489,144.33692041426315,45.30293164925416,45.21358447188732,21.258673911675277,42.889850456164694,65.29856341590727,55.0011780159733,119.12289401636961
2153,21.44553129422359,28.521529000474246,19.63393344595868,27.86138353594152,9.782080070068975,9.783437585325528,146.78410903189277,43.07625322440359,44.532574741909336,21.752993418824587,49.88186790491246,65.94681112333642,56.29169251029218,120.69624596439941
2154,22.884486614176215,30.32872782982548,16.385839827837785,23.345074321671316,2.306174903002919,8.152010493516352,143.15383558696348,46.14538291612319,47.39488927975487,19.834935924104112,49.345786114734835,65.29857567091825,56.03154490680758,122.38095460422868
2155,23.057930309433733,29.394222220718973,18.009025023011354,22.650647247428143,1.631118932453703,6.722845633792373,144.7334993490036,45.682763051220626,45.942676649764046,19.835922673210792,46.11541868701246,63.67064613977463,56.29051075811628,119.06685097884484
2156,22.884139152955743,28.521418850642057,16.385291582090233,25.52123150190303,8.15203460232498,6.723131240800207,144.33807704611928,43.414694788304104,44.53244547446196,24.51142491260837,47.479640576880634,65.72471017479327,56.29046078749008,119.20085551095471
2157,22.8844469829883,27.717390898722474,16.38589912356011,21.19596581925966,3.261031047521651,4.89202959703736,147.8948609958097,43.75007536639384,44.502002542314536,18.229158205224525,49.587667882115866,62.149960342404995,60.126880505775304,119.3000454915883
2158,24.51033997284513,26.29019408045525,19.63295022338609,26.34132583001615,8.152067088986064,4.892432459666762,151.24377195193145,40.26942427360154,45.301226245200965,24.67244552142241,49.34601963698049,63.77485244043891,55.36267031236131,117.49404291572651
2159,20.167174068990818,29.93101911210647,17.023131082387387,26.290257506737635,5.878775105888591,10.937381923926718,147.50677339304838,45.21303213714247,43.044465425221674,17.56110044954542,48.28428049685953,64.33516098156466,62.085127884426775,117.43648266157614
2160,24.940289529595233,29.165271164289244,20.16749369467449,26.989216314243762,5.155561361420905,7.291927544952854,151.24377826849909,45.214270180311125,46.14391871568181,21.445385037476072,45.68208961088715,65.94777609469185,56.220460512027074,120.6521622686416
2161,23.05796823140507,29.165745311394968,15.467970904443794,27.71741419095312,3.64575064523419,10.31218745293727,151.24355364711647,40.89214899238281,44.50205146161118,16.385410674180164,44.14261720388573,63.92070215459939,55.36247783165144,119.12270781154587
2162,22.88420280656298,27.71724895316003,21.25882914125855,26.9892257640282,8.152157440961608,4.8910026568796905,150.64495134513552,33.57448454249745,42.391382500118596,21.75202041757504,49.881784260312905,66.20814691381594,50.62222146727514,124.43771720154061
2163,22.826010071894956,28.47459049746715,15.032553982743195,26.989459440153595,3.2617050354984825,8.152012421565715,152.84412582988202,40.2700454550983,45.94238342748909,20.167120411279583,49.15696226164059,65.54332964421515,52.8070617787169,124.29884069099609
2164,21.445596245534446,26.290417925693014,16.62791813811488,27.718505000847056,6.522661975104635,8.313587336398696,149.3339267085267,38.02879272266082,42.392133152414296,18.007962999876526,45.09595116188747,64.1075577221435,53.77990570976347,119.20079494255732
2165,22.88419623003756,27.717715590005625,18.00940078977877,24.83509464797663,4.891531264571575,3.6464245415103744,147.4352973914531,39.40303796982726,45.94245122046943,23.344334895390816,49.58785878172883,63.77492655174243,54.41806580956773,121.04830362566659
2166,22.176737011273783,24.888327628316382,18.00894861718796,25.52066459393843,8.15208198153084,6.722356813130997,147.73140852255187,36.64062348499178,43.74906933239884,22.884197861638285,45.47751898929601,67.56014998237936,56.59672987393179,119.42371660686798
2167,22.884157355363193,27.718291097192033,18.0093293917526,24.83522187456264,5.156251257594893,4.612693516747163,147.73243351433254,42.29786730224778,46.71712867762993,20.167110666995967,49.3459021184455,63.77498900955337,56.29174184157545,122.3266626743173
2168,20.167377964117783,26.9890449179037,15.032318356534203,25.521194085980532,4.611389599789713,8.780524684100568,148.7276548779596,41.568927827742904,42.29710899015706,18.59021129371916,48.28446106834126,63.77499716827139,56.59675946066366,120.92726687366812
2169,21.445498901862837,26.290299370192354,18.229143810562686,26.989531104702134,9.917102532110839,5.879377480686115,152.53930667888594,37.92400134082312,42.391270349762344,22.88419977257606,45.09612640888142,64.10760712660674,55.36240668293078,119.42363237031454
2170,24.51143991328377,27.861349143210003,15.46789893555042,26.290458173688503,3.6457039808322538,10.311558723728462,151.98061194246333,39.40237369994457,43.749120392191166,16.626922192925804,49.34592491038915,63.77491328438341,55.362666606315294,125.58564038321339
2171,21.196070997458932,29.166757068992073,21.444400934106067,29.931292890134944,8.152251489812848,6.7226224057015775,155.1999783316942,30.9369852861343,41.79196064666903,18.00795717400016,45.47740694985581,65.94680293383485,52.20006178297345,119.30102004815947
2172,22.884417576436807,28.474628433934388,18.228917467796695,29.166660322246067,5.156324845844734,9.506853464291027,150.9357224854871,35.75936433291121,44.53228629309299,16.385340920870764,44.77043765367188,65.72466633198226,53.77986523548055,119.20078110814977
2173,21.444464459033913,29.16655055514078,20.16708074538466,28.5216357365759,5.15552387386822,4.891002560827855,155.46532689418495,32.1169538391433,44.53228508726896,17.022185068904243,50.22686788798214,63.77498714143342,53.08309381570859,126.06184846604236
2174,22.884125207740343,30.63433145769769,21.445528032410376,27.71935215027139,8.313563825573306,7.291825192764988,157.3523613415395,33.25534565209632,41.79222035465412,23.0577662869804,45.4766902590901,62.491134578225214,53.779658774680804,119.7350554699296
2175,21.444759611630634,29.16624064948187,16.058272793890662,24.074118724582963,3.646839585633626,9.506709639493439,152.26938637397643,38.75560555948298,43.04533880015362,16.62693517107788,45.095941463019614,62.49008553032715,60.128010559273456,122.81455586592375
2176,21.4454036594422,29.16660088195563,15.467801852749767,25.520722156220465,8.779904819165166,9.917202300941382,151.24472267342497,34.27821787167599,41.56819720261664,23.057935070255073,45.477424617179075,62.49008006754674,56.597666896450974,119.5672345190493
2177,24.510529729518492,28.474576472542836,16.058035687222155,25.521479528118373,2.3051945287478386,5.156486341979921,153.16560105286894,36.64015347889887,39.435243236754125,20.623451733850956,49.881772208533526,60.874596830287764,62.08601466308116,117.6749187527469
2178,19.63378662951146,27.7177688568876,15.467981291938553,23.345017756172822,8.313665302647266,8.152083536067622,149.97422435047818,35.1210376937341,40.10334940925002,25.31173815880765,48.64099535321413,62.724731036103314,56.29046182230478,117.79811889179773
2179,21.195302826098043,27.716843705293076,15.032585788961896,24.238915216123054,5.155608775305218,4.892055472928482,153.1654031539502,35.75831033391427,40.891220324714325,25.310777694128905,50.22695802056863,62.72483070154108,56.597669196410266,119.30106233966623
2180,23.344130045664567,27.716930211915525,18.590210444712657,25.521147817657397,8.3135591767858,8.780250189470475,154.44406264620605,38.168680174077814,46.1445138386052,23.057766253052733,46.11637806849148,62.14888517520412,58.26419592543366,122.38088275440464
2181,24.45713355404978,26.28980309243871,21.258794821362358,25.52070678563588,4.891227936663777,4.892244463909072,157.35256083249595,36.639570180719296,45.30189439662345,21.445615090915776,45.91345812633797,60.52409580057592,57.34342384173532,119.06676174777341
2182,22.884214354283824,27.135911665690713,18.229083024524982,26.98835834947223,8.152009037980807,6.521221095975849,157.6468516131715,35.758975058706,43.04469433390379,21.444250772919432,47.98087990234612,62.724714520079154,57.34428843420346,119.20073343251887
2183,24.457143909500196,28.521699158841084,18.229426386237847,25.521110599519314,3.2611025660803983,4.8910704896864035,157.35238300152253,36.63946121122591,45.9428223635618,20.167274271220307,49.15713809705971,63.77487151890997,55.36238875751516,119.12262228272728
2184,22.88437658781067,29.39322880928525,18.008125170111374,24.07450605238301,3.645699810818376,3.646492722814134,151.9100062925789,38.65249679467325,44.5029400456378,19.565047206547725,44.29298108608626,63.67064236838122,55.36242038594825,120.82828642555125
2185,27.90819702232479,28.84562874046778,16.385403031478976,23.514890936835922,5.155484444455782,8.15203089898614,154.22927133535973,40.104448452324526,45.41860874203863,16.626929679702613,49.34591894801536,65.23842693903804,52.807038791688775,125.9247398988953
2186,24.673525311353437,30.064670430840398,16.304482287543973,22.710510201436968,6.721654669962212,1.6316784635463855,147.13793361207536,39.46967623431836,44.53227992091058,19.633791647893663,46.37418709797374,65.29855094176745,54.68618992939873,121.19174736577949
2187,23.344202372580288,29.393362065633344,13.145092433281047,20.430452763555596,8.779686299955983,4.892003699125392,141.6604090570347,40.36904667996853,47.534387836827854,16.38545498127913,48.284475313913035,65.23839064617823,54.418302664144285,127.43516989948704
2188,24.67359811165376,25.46789631096083,14.674614221613119,21.260130555432845,8.1521203677326,5.879283997952125,141.66043168088538,40.368489786121025,43.32191049574981,16.305000219430394,43.90049719573415,66.92752354008707,56.290573344193646,121.04821824860038
2189,20.624183841672494,29.029564362656167,19.56521396338412,22.710189113880705,6.7229756926468855,3.6466369058387405,139.59024107294638,47.283192240761586,46.028968880753304,19.83591295084437,49.04828901704696,66.86796591983493,56.030206603202515,120.75125399206307
2190,22.884571017713775,28.051235413567134,18.0080570493124,22.7092234119857,3.6457458378621435,6.523050404171647,138.82640526476325,46.11636863734195,50.57024825741146,23.05777616119496,52.2000243464925,66.84800834800134,54.19785446520979,122.55464417879811
2191,24.94046384608808,27.136156754759742,16.3863679883651,23.739739415355093,3.646193512539313,8.152376075293924,135.28666191748619,46.17384879714266,46.94426189720102,23.057763318640422,50.62214852984834,65.23738160497533,54.419061536973246,119.20074185979716
2192,24.456592923152744,23.173361787428,16.304089992920243,24.834435793371732,1.630235025314137,5.157092095004307,136.43222888034853,48.422013659492656,44.5323519152005,22.885319883104128,45.91386958154233,65.2383757967168,54.686121746863705,127.26816478059463
2193,22.826044050258403,26.290275741556265,16.3040183735032,25.52086641744687,4.891586574313204,8.780532213452604,136.5389031160765,44.97797052080038,43.90016399576638,22.884206978637586,45.9138918706399,66.86790166012085,54.68601575625417,122.45712934240753
2194,24.510259849624806,27.135863091465776,14.67400322322015,25.520475113911957,8.313870940064561,8.152007983636906,135.64957286330426,46.11685248901031,41.79206503775498,19.632863437335267,44.3522344705291,63.774947908740735,56.59767533023344,124.18116563585048
2195,21.44477465962803,27.76618958470046,17.93437208339411,20.430919770234645,8.15217819467912,3.646009182654341,135.71863813384596,50.937696439336804,45.21336531283579,21.445419115913058,44.77044595630657,63.67060849183788,54.418076338952844,119.12266189268198
2196,24.672521172063803,27.135868043182217,18.22892438775256,23.345306541693265,4.892676994174146,6.723216436267756,133.7054603675651,53.03382514534498,50.33272754576443,24.511266462535264,49.04898974676155,65.29947687340176,55.81641967384327,120.66316647868138
2197,23.05811256853487,26.741369071229713,18.009214435087504,22.651234079038524,8.152191478607254,5.879383691711233,125.41643816381814,57.0658255156701,43.90133345451364,21.445614757499403,44.35219981985523,68.65344440603263,57.43656699282092,127.34122520434897
2198,25.31071803396256,23.173059123540174,21.195401222908938,19.084530250150234,6.521442838513897,4.892009642505665,115.56603128366085,61.287898271450906,46.4024144347681,21.25869911891807,49.048276859366105,66.86789910712956,57.15809958122403,128.9700586829079
2199,22.70870641893995,18.589966216165312,17.63617322471015,22.17599242363009,6.5221481560541195,8.152386861306312,110.88172310264315,67.40196348025731,44.859880891808054,16.38639294092035,47.057086019618104,66.92749539353596,60.41409754432381,125.55459513349055
2200,21.257784799816765,19.633802425004653,15.467697917211947,23.73952432758711,4.892104404601398,8.152002283758499,110.34083220142226,69.27024657276772,44.85870194303966,19.565083871911817,43.90050427942265,65.23836631532163,59.25843223290795,128.8452983242031
2201,22.709672416445013,19.633525030912217,16.305099743608533,23.343866234387495,3.6457156775383313,8.15213191339393,108.80063049636192,65.15660789027793,44.85989537226174,14.674040900355816,46.688475541142246,66.86687092538904,63.670567065277616,123.9559164089339
2202,24.238107166900907,19.632816114582905,17.635667568226857,22.65130044568146,4.891029833162811,8.152380989884168,110.34082988150365,66.92776437145173,46.403271489719536,16.3040383355393,48.283496734640025,70.12694628723793,62.04275964435676,123.92373303606409
2203,21.445386145800395,23.173134401365125,20.62322912954233,17.560551785203355,9.782003822729965,3.2613779332057113,111.53827498287814,65.72606935026529,44.858958819856795,14.674007567784894,46.11555323922727,66.86788028588461,64.33524395420517,128.80404141334583
2204,21.19549558371766,23.05816530812188,21.195419871242933,20.88036722878433,6.522231296510662,4.892625185032693,116.03555151675751,65.58394678769501,49.04864386673248,17.93502249037924,47.73055792897059,66.86792191236212,59.505802212022324,128.81433212085682
2205,24.23816743691488,20.879199556104687,19.015003328812732,22.651777843429837,4.892473391993456,6.522004554833114,110.41306528982372,63.77555728230854,46.40329300078185,19.6328942597603,48.64094409400664,66.92649810290355,58.78653461377139,123.91301169973802
2206,21.19650182826222,21.93598983879868,17.560296314658228,24.073688759295692,6.522109000764162,5.1563131936034665,112.41796318527773,66.02689957249893,43.90079508450872,21.445397733587676,43.50532603888591,66.84802251173414,60.67753185627508,128.89685125750367
2207,19.834924085541882,21.935290582666674,19.013993265330306,21.445437548235983,8.153068594163512,8.313559436187669,108.39567731250469,67.08717269998525,46.943268998915876,22.826135716243506,49.50645010405965,63.58700974730029,57.15810835314299,127.26801724465226
2208,26.33979193868026,26.741213848437102,23.344805863342174,21.874880666298548,5.155874408073201,2.307310316783552,114.75802400876758,66.92693653202781,43.90116543655023,20.167080123108764,42.79697998300257,63.670568304815745,62.04276846993056,123.955947263805
2209,21.753249280576124,20.880179533513516,20.429390677387243,23.344587093392,8.152058759988469,8.15238418691279,111.44392375582888,67.95261216364568,48.17300177586229,24.457007276565104,48.47636735266541,60.32700038663368,58.71770973825399,127.43500895975542
2210,24.23820420501843,19.633534068995335,17.636225120111167,22.709939230516024,3.261052720035171,6.522061890121013,111.44390994339464,66.92768489794108,45.94222225453675,24.673314512039052,45.419226294648794,60.326013146156875,58.78552936581369,122.28300991258833
2211,21.874559272487275,26.542383281478028,21.19539876157424,22.710140916223036,9.782043492486611,3.6482510156709425,114.50302148467672,65.58308905913874,44.53228410314894,21.25860042328133,47.47901055961563,60.41407667111636,61.977479858213755,122.29286444639274
2212,23.05793988969259,19.632803462827237,16.05825315541053,20.168302913874772,3.261356536432162,6.522139902896969,118.07978345644115,62.93539360031862,45.21357878135603,24.457068333277252,45.912626028913735,63.5870044787922,54.68601270500518,127.18454277635568
2213,23.73962938931193,26.7413871314111,19.632787017446095,24.073723916838464,9.782016425128143,4.612396857812711,116.03619168127871,67.02721255292923,42.39207784360499,20.16708034855637,44.352229018511295,63.92063289972586,62.14975266886691,122.29386804011774
2214,23.739829776565404,24.239168498872225,18.590285832449577,25.520762926979224,8.153194910792665,5.879119562887042,120.6519627028595,66.20877293643976,45.213803462854436,21.445551842319247,45.477424074826516,63.60792162113193,62.04279375012787,127.17401241160314
2215,23.05875241178014,25.469284711049255,22.70866985478827,21.195883824525524,9.782002348255885,3.64675801894013,119.11090500035449,69.21201533693846,43.90081486116017,18.009123983053943,44.35249401645737,64.10742423910429,64.33402627430314,122.29291665195989
2216,24.51128724877334,24.456413884122032,16.627136747047775,20.6231134488685,8.152154829187785,5.156800293595283,107.28786509488442,76.42243678868982,43.748767388149346,21.258705337454185,47.05703619049608,58.89946090367979,58.53660574609772,124.59757430456055
2217,20.16732519527628,21.936142889765843,19.83503069868216,20.879183499096467,9.783234064984718,3.261046309030399,92.94903044444028,91.36264150565387,43.74867983698964,19.835476012995706,49.88155067879475,62.99944105897269,62.085046908271295,123.10589440640304
2218,26.340791856973784,19.63281400118254,17.63664347670739,25.520249908531955,3.261069138369315,11.528980251170927,81.48896566569218,102.34197361802991,48.94019920838124,24.511339979741976,49.34595607522505,63.92054001719825,56.94801671460461,127.90413866392896
2219,21.196431078643503,20.87944761916877,18.59043654501958,21.25872509619371,8.152380410041335,4.892906523644608,81.14594877605182,105.15962821532797,50.33267699818117,18.22909294606629,49.58770807181649,70.7881304041963,57.8973505497981,131.42026808136333
2220,24.83412432819454,23.51470755834989,18.2286205072951,21.258498382265888,8.152026210187547,3.6461509844164017,82.49404402959694,102.82117228823451,43.321881757862776,15.031980598221942,41.9186367284098,69.42356539583929,58.78559716088959,127.3195824706627
2221,20.167365093656866,21.258598703348344,22.177116291426536,25.520312402912364,4.891900405089584,3.2615471768903106,83.58289420848921,99.18883897088631,49.66784967338897,16.304139483225786,47.534422905492704,68.55666444114017,59.057292046977395,128.43251103488956
2222,26.341069666804042,19.902573077293145,24.834164693185233,26.988955057633504,1.631808680173294,3.6461739034121616,95.41833465930944,86.79733215431699,46.40329148309589,15.032310342917832,46.37413595876741,69.42357418542821,56.29067445975255,129.63717470499847
2223,25.77983842395612,21.935935820253384,24.8341235224334,25.520406409362362,4.89152683771644,1.6321326215917582,106.21648275601079,71.03165639780691,47.535067194186766,17.935247896608626,47.979626105328556,68.55660208566243,58.19511252805712,130.47578046792415
2224,24.672455581702376,26.741197271853405,19.700860953650604,21.753187099531516,8.15224569534461,6.5220617943163415,117.4483727461428,63.77484177314267,44.85910114434829,16.305150478992864,48.63994412834659,67.3432553414327,60.87444302159047,128.81437120448126
2225,22.884390075614036,23.173635520258077,18.22900867829518,24.238151800506568,8.314464121128237,4.891516236515646,118.69785385206616,59.34833083985759,45.418340710668936,21.195167963108943,45.09496132750206,68.55660263174902,56.59766858164374,125.55469119126862
2226,23.34435331757474,27.766058829620746,19.632872552776604,25.520645969877407,9.782042225556214,3.6461540321990564,122.28229493673068,56.10309538797504,43.32190758688943,16.386295905703783,43.901501431747846,68.65244630849375,59.50480854497332,124.01056333293637
2227,24.67373654550154,21.93601625637841,14.7645054663785,22.65167274593943,4.891595231707566,8.31366790629072,122.28234046075507,54.783764042286236,43.32205335760823,16.304453771168266,45.91261825958339,66.86787387476912,62.49002813630413,122.32560575472607
2228,23.057968743252353,27.765209996691937,19.632878817489907,26.340530510376023,8.152004717423793,3.6461742473607095,128.55639235393457,53.233414588173105,43.32193936161137,16.304018905755726,45.0959434899679,65.23736734397487,62.491287947535966,120.75121212536082
2229,20.16805044340302,28.846288579837374,23.057783409322454,26.3404303416199,8.313546981724693,4.89127902905009,132.58767720819426,50.78018458006877,49.04869177613889,19.566067961266487,50.22686898441151,66.86789835626298,62.04195873401802,119.56801188205944
2230,22.88445277519647,25.468560676699553,17.935003147215365,24.834331037863244,3.64649508813262,9.918251081427828,139.7715822047329,40.50004258065752,41.247030774945046,19.633000647277946,42.79730806895033,63.607958402333544,58.89949221319997,120.13277750465154
2231,21.25806641951086,28.846556150973406,21.195129932751644,25.31181651316481,8.152155717953919,6.722317087642929,148.04686115342201,40.7609023022229,43.04532725883388,19.56506487975432,43.90050069483636,63.5860715792168,59.50586978631653,116.68749427969718
2232,21.75298963918678,31.320098944052276,16.385309325172,26.289973633824932,8.7797303807167,4.892036509471338,155.43957833329225,35.796073092154664,44.35319608481496,16.38546797232628,49.048026322495446,65.21707586114039,59.057179983179054,120.61861538997603
2233,22.884598535544065,25.77998919993561,16.304007118043895,26.34112219425925,3.6459816165467034,9.78212636788559,156.19935378395493,30.764547326979436,42.79718268347051,23.34454458753129,49.04801257055899,63.58706059988103,52.80702029356534,122.22813131943077
2234,23.057961905617304,27.718288895857754,19.633818605736003,27.861280980780933,3.6456856988567696,6.52227760456243,154.61646281032006,31.657972417533053,42.39086619196274,21.44543643385528,45.477465083331545,63.587032278326205,53.08336028074191,121.74871990218257
2235,23.057840151268316,25.468698497470182,14.674301509394692,21.8749715070721,8.152044948296094,3.261000692368089,151.45590584606333,33.61259632640605,41.791942416146306,18.008259529532605,44.85991536848883,65.23740460774802,59.50569305105025,118.75426888768678
2236,23.05780292487775,29.931327089718714,19.56512224296705,27.716755697545107,3.645693535853109,4.892124345762274,156.1983001248301,29.395560736344557,43.32202761223908,23.057765625359853,47.95243800002486,63.587144268667366,52.57993912830466,125.99799909240245
2237,22.884256732088318,27.13590749188028,14.674109531750414,19.700862281871824,8.152096274281954,4.892027238847405,154.22909048989362,31.65820535930681,42.797133151671986,22.884354738131147,47.479641526717806,65.21706078396726,54.685994533567495,118.75310906083389
2238,19.835912512633417,29.39338653504301,16.305253949693768,26.341703880847874,6.521064053006108,4.892010860051776,152.84406800044948,31.319968448362143,41.24751489318493,17.934108783996653,44.352207427690765,65.21702899836053,55.36336585305016,121.9778436792805
2239,23.057821283938047,29.166475563886856,18.22908388300632,29.931166817885046,4.8912405306884255,9.782000088657101,156.69168460677915,27.71849923381637,43.32207772461003,22.884132813979317,45.41918995414994,63.60800737665284,55.001155794088604,124.39520726231424
2240,21.19542231013111,31.362068557494165,21.753234369523053,28.47485969567739,3.2610579141170057,9.782010410004718,158.99093640643238,27.71704937831769,40.89110108739096,19.83492044531816,47.95243694536374,63.587247207922864,59.79531360308241,124.39527179921271
2241,21.25881562849451,30.763239883802168,20.167081754156712,30.7629397573327,5.155578500494021,9.783013811741256,155.44862380031304,29.39335859034492,42.390775978069684,16.386373001032428,42.32866340868052,60.32608008236243,58.19513819135513,125.20424886780252
2242,19.63395202248843,31.657749490811383,19.834827715988457,27.71764025374952,6.722725589416534,6.522149561345622,152.2696234497064,35.27174759169156,42.391176087987034,18.008015583734544,42.796991271168494,57.274427984392844,55.002172447320234,119.56798655539747
2243,18.590111514804903,31.320050382777413,17.934292175094058,26.98835309080788,8.313770023785821,3.646093318101464,153.85832213186367,34.894097180440546,41.791071256780256,18.008934029935283,44.35220478226125,61.957110137685795,53.083297319954816,121.5411590244886
2244,19.634047278933462,32.609023675710915,21.257782076736415,26.341383321307163,8.313503926029009,8.152346372192591,147.89458883542758,36.964340696482616,42.39171163836638,18.00906567289664,40.76141479601643,57.065133768997626,53.40783975166735,119.92324314200484
2245,22.826739648985463,27.136246309928733,19.63278632871208,26.34118487456626,3.6456916183490495,8.152159360974725,148.2976362144903,38.20311453306667,44.53231161584508,19.565123931400073,41.56819064543502,63.60693684034756,55.3625032137319,117.57207384045151
2246,22.884404437936023,28.52100263032252,18.009046872193533,27.71678752168047,3.646035710686491,8.152178505571554,151.05959865141512,35.75930996114016,45.4192595845524,23.057762196211204,49.048277352973734,65.21801173575916,53.08332527742491,122.97573449201599
2247,21.445459382351782,26.741330919868208,16.386607645414884,24.23896925146535,8.152000140776789,3.261081158457906,145.5479438084573,38.06277982512376,43.3219149501073,17.935072762153602,43.90147360301645,63.67059844126096,55.00118960369695,119.73475552872529
2248,22.884323184442792,29.166450888511626,21.25768470760691,26.988211633995448,3.64638772002321,8.152156089023858,149.09371723939677,36.89313293404885,46.028943583029914,21.258705823789025,48.28446379040597,65.21700743870585,54.4181375127089,122.81452378190804
2249,24.457104623040962,29.93129295805017,18.229062478292207,28.474508828547364,4.8915859705155125,8.31346658530747,148.3787979058608,35.907409311886674,43.900031009732096,21.19608093288656,43.9009178884388,63.60794396852379,55.0012418574653,119.56813701403293
2250,24.51139189203428,29.93121358668528,18.229067832984676,28.474446070434464,4.8916753866805385,8.31365668029657,148.0460937456916,36.89309873196626,44.53119134343336,22.884218880608575,47.05737371936772,63.6705750575092,53.40777912951707,121.19081258685553
2251,21.258669842415063,28.050913182480002,14.764404382518123,21.874663952399324,8.313561457793812,6.522013605910725,145.83028917014568,38.06374364236293,41.791008084138504,19.565163589402054,42.32866370908125,62.299271222436055,55.36237563551853,119.30099532269728
2252,26.138101678887306,30.763998039412474,21.257678266573123,27.861127228094087,3.644816939547023,8.152336370092673,140.06596111762056,40.36806459814285,47.53499903111198,23.05762109718264,50.22710709344987,65.23839435566774,53.407972306617275,122.55463073518723
2253,24.511668864441003,28.05193912492495,19.566027238351246,27.861045812816254,3.645882212416652,9.917008590542538,132.70790795930657,41.76022274897981,43.32193300051148,22.884231867448314,47.478959912108905,70.10903366063052,55.001160162617055,122.55478619917355
2254,23.345186265094043,31.149843172792934,23.05799388824101,26.89009297092756,8.313372745735322,3.261705264217654,122.22805168855311,51.171185962199104,46.40332239547497,18.22905691156722,50.226898882976755,68.4975128302303,54.68623863496188,127.18456796840164
2255,22.88444934584815,25.364555052677392,21.25780215195072,25.778929834508762,4.892333764709432,6.521278755552123,116.39139625168195,56.526915251357494,43.32188227364985,16.385378602661874,44.77048724463237,66.86787023663251,58.19512143394287,120.65303756459375
2256,24.672455904271562,23.172303852129406,21.196321675744752,24.238067866216088,3.2610823196051273,8.152017348185838,112.70045151376121,61.978110162008605,47.53526892742162,19.632885686021016,46.374133130725184,65.23837098134955,57.274374760084896,125.55459628463633
2257,24.511268662068467,25.779356722250398,20.167223686488544,25.310735106266616,8.313567546571553,4.891271349397888,104.81800265037106,70.03293446112976,43.321881284265636,14.764436445782884,42.328739692349345,65.29847810757981,64.1074263652565,125.58535699264523
2258,23.344344793060383,19.633712539533143,17.635836014388737,20.429194700682668,3.646696631809269,8.152056080317639,95.41859522084542,79.6416947607605,45.41960366687279,19.566123743617954,44.77063441460348,65.23736650977197,65.5423383092427,120.66302067699999
2259,24.834127195204587,21.19563504604556,23.514069626421733,23.739493421825582,3.2615999337786903,2.3058817695641993,81.99356724183879,93.39144812183588,44.35314898409083,14.674306097324001,44.35319891674928,65.21801259314665,66.8668939122792,125.63828452552546
2260,26.340504763336682,20.16740112267045,23.05740324414753,22.70962459056976,4.891031817537444,6.5221504362291345,65.72523184612535,107.55947823664538,46.6884813074335,17.935037436705425,45.91357508764665,68.49739774415453,58.78552952004737,120.69708996000372
2261,25.520400110734307,21.444417459782127,24.456412948908813,25.31168640245382,5.156416055407472,3.261290707670225,56.149604896862606,118.31613012153444,47.980661643705126,19.565056167263126,48.476091286154784,65.29848026121157,57.15810397958843,122.55465008304705
2262,25.520929453781626,17.935159052377795,24.457416685095783,26.54158302706527,7.290953113722186,1.630042299466178,54.809447102229484,121.5088075946508,48.640921110208744,16.38559737452422,46.40327249976059,65.94668328294655,62.041780164750485,122.45591480024974
2263,22.65175407821307,16.305000511971667,25.468593913145348,23.05776693267614,6.522175642878778,6.5214696871045446,54.00300633207332,120.61938633767977,48.64092618890944,14.674093283618243,45.47648390921927,66.92660138713453,63.587045821751836,125.80746390703555
2264,26.34003415161217,18.00904707484824,23.057372597937423,24.673494333758512,8.15201061258612,1.630388932770333,60.526049139491704,114.18872471574076,50.22691383341178,13.043061102585453,47.47868754522608,68.65257545083286,63.607956117986646,125.71325723693285
2265,24.88755296770302,23.057960991000442,24.456431654374683,23.05786124671846,3.2624246705810935,6.521177519872347,73.67714300145525,101.06117576292748,50.96307316761188,14.674053876679592,51.066770770939506,73.44154564587686,63.58700178317489,120.66306527430343
2266,22.708738017693747,21.195384700505077,18.446442335456766,26.087112161832064,3.261000663354699,1.6305162921114849,87.20972809793774,87.9378273771577,44.2929814511963,13.043091299044262,45.41831884035863,68.96261929079735,66.86788655742308,127.43502876344125
2267,19.70115074335426,22.17683998875964,22.176170262204604,31.0212171297136,3.64633261587805,6.522029399955826,100.02912084583676,73.94672491954078,45.477467803150624,13.145576032757267,46.40336719770597,72.40310568477443,66.86688763743321,129.4637960796356
2268,24.833932869273163,24.456417630209547,20.429733806653097,29.393600161688344,3.646481441034452,6.722852882824359,107.28663889759491,64.06629596878676,46.37416256667073,14.674039021799079,47.952493657489434,67.02686583855457,64.10752151194394,128.017793272586
2269,20.429878653800085,21.935804363664637,19.084136458826997,27.90836087886143,6.522171291706535,3.64615705439586,118.07978420763767,55.7699531996949,50.22687406163356,22.884305876457827,50.01411353539358,70.78728448147537,55.45804173140633,125.44808200664002
2270,22.884280897475765,25.363934443206542,24.83420601336114,29.52878801155508,8.152298973487348,3.2612196409934056,119.03319112528233,49.50954049846203,50.22689290122241,16.305002191662417,53.10760234453281,71.81310722755977,60.34803236283913,128.92810838225762
2271,18.229080754653992,21.93506967981568,19.014922155052897,31.149220661286055,4.892130786884582,8.152029929293672,120.71835066452338,51.79095395956972,49.04924323204874,22.826037314008975,51.066712743715456,70.18391704500326,55.52989976218418,126.39765981364194
2272,19.836067347608264,19.63293876579082,21.258776977104688,36.01792645479584,4.891017311170468,6.723009730161266,122.749624445525,51.48409575189044,50.22692465349445,22.826165496207242,51.55886523347783,72.403014364318,55.52992798870733,130.15939106350794
2273,23.057863312200045,27.135828935698303,19.01441334700137,32.033636560215434,3.2614209082570373,4.891091845454979,122.20667211898788,48.28620735366615,47.479935515989304,22.884391837126884,51.066771376730074,73.65938696540462,54.02690878232034,127.90310203296674
2274,24.941461817043642,28.520570602538893,18.231688647670648,45.301029181208634,6.723169198216687,1.6310741635241768,123.7957741919957,42.51704902757113,45.47742775400045,19.56523751751652,49.04957411822829,70.41066805744903,53.804000267980975,127.3410485852262
2275,22.88422515491833,27.135818043195354,24.073542608462116,29.348004220698897,8.152384284000952,9.91805428705144,125.75547273767772,40.890819586821486,52.19883325604741,24.456094951692553,53.631716795932036,70.58153742347078,52.275856471945005,129.82206612270127
2276,21.444665149350325,24.456413630628706,19.015533644699243,21.935814831642407,4.892722601517069,1.6310280115560667,126.97505979973225,55.17234511435085,51.816573492663316,24.457223898713515,52.680879915303315,71.31219533574571,52.19951783075555,130.89264161400197
2277,21.444810802571528,21.93505920600006,20.429472899265534,32.11594440090568,3.2610344340709063,6.7229962352100445,124.70477756360373,45.91662925220113,51.81581345740959,22.826166396104494,50.568922219031315,74.01850753195747,53.90273542274534,128.2256098039403
2278,19.700772403623162,26.741002938485522,19.903695935584338,22.708701436369267,6.7227652044509085,1.630460964826814,121.19102896834983,49.02413548476812,51.55878644124948,17.935024002018064,53.10854498157316,73.38823945693983,55.81627177337466,130.2815250446818
2279,18.59039077173376,23.05814805944589,19.084614494623928,29.97510212564773,4.891100112902637,6.52216108463446,121.84732965098783,49.50998385250823,50.622172006775685,24.45710827254677,49.66784471891641,71.75759506715217,52.27482215841794,125.44817087898731
2280,20.623435000987598,28.05100555486756,24.88964274299821,51.06678827662572,4.891134458925577,11.869739622593329,125.03378004337065,42.39260880823472,46.94458887254307,22.88514119573224,52.09750307360234,75.00001613759827,54.41808277885315,129.83277571026503
2281,21.445387362582995,26.541563598646526,20.429733582631382,24.834428218468112,9.783020794685054,4.891206585507935,121.84633771840275,44.35766594890439,52.19881425599784,19.565315580527315,51.55904401360542,70.12800964963307,52.199511085277635,129.20629318617736
2282,23.73930277770792,27.13593022015558,20.16738449842283,23.17359330062745,3.645710256863694,0.07028400000000001,121.50878174460286,50.78131806963149,52.09750589502512,23.05762136426125,52.63006185256544,73.36909134698477,53.9027701021406,129.63823414284147
2283,23.057782596390346,26.290175303637795,23.345840062731654,35.906018532687476,5.1562319065815085,16.30361630938355,127.34103045152268,39.16471190497927,53.63138269791306,24.510394738164667,52.63004172012042,70.10903392671142,52.275825054299936,128.92830526764268
2284,25.311430192663906,26.290246794287075,14.76566617999609,31.021861818809246,6.7222385056411165,18.589885913480508,125.75549528004166,39.26598379647362,51.17100073628771,22.884283004980205,52.63104869611333,73.37004447357681,54.025854358034884,130.0467206942668
2285,19.835090063646692,29.02859015304742,25.31114478776743,29.393340123089754,9.782064467391107,4.611949666403611,133.34770958880637,30.458793733516405,49.507664088336895,17.93512673486798,47.952399389091745,71.757553857352,57.6443650656306,129.83192006754516
2286,19.835126298667458,28.050796715276576,22.17729411363261,31.02087370630455,6.722881883484822,9.917103175843227,136.43128129986547,28.474744571892465,50.56928277399413,19.565023241607687,49.049244125919834,70.12794613982513,54.68624052150652,128.21489609216871
2287,22.82629601134413,24.457226042720322,17.562138284414555,32.60801327905741,4.892108874406263,9.783012729804822,134.44920842133726,27.861143215024377,50.01509606865707,22.826042084518836,47.9523867509092,71.75756373560411,53.9027441012882,127.60124007244282
2288,21.44542769875237,28.05113305832939,24.94075231513532,26.08700064054811,9.918085379189812,4.892037960807741,135.28672014332943,25.520689902388554,49.048461245170635,24.456248471475796,49.049253478387655,71.81308085294191,54.02697074423482,123.36431672996535
2289,23.057771931390093,31.65747657276484,22.17803371065434,39.198360427241965,6.722878835806069,10.936625380618251,135.27709338818386,35.272677047311014,51.81659537052729,23.057625806467463,52.19906921021786,66.86790190993473,59.057287535336116,121.54208470830427
2290,20.168297514491073,30.327667828170625,26.34195938245713,27.331057612134188,4.891125464664467,10.312250200641213,133.69599304013786,31.488945146985774,48.47636748313311,16.305056006211576,47.95241629543175,66.86787638528989,63.67063669977808,121.97777764118884
2291,19.83511828617928,28.050807014180766,24.941706029713423,27.764907903591613,5.1555559532931605,14.025456228382511,132.4768999689096,32.11663953567507,43.901166656994015,16.30507288415186,46.40233189070419,66.8480141351618,62.14891920693413,122.49970197007215
2292,21.75327377746309,30.76306716051734,28.521671139123022,24.94127352433355,9.917873009431164,11.52895801545067,126.62923534626039,36.78465522328303,51.17015472312278,22.884395054605104,51.06670381400427,66.86789695181156,55.458962337353036,121.748656434414
2293,22.88431473156481,25.779819944690065,19.085254563152315,32.60900221571404,5.15701717952891,8.15200077427681,130.1593679720069,31.490026641725386,47.39481533016753,22.826134258071864,47.95240231245898,71.75754652712773,57.64437895992016,122.97574339013448
2294,23.344272085367784,25.779813120455806,23.345386023690406,30.979011928700995,6.723016776073412,12.416866955925702,124.70467663160692,36.785041913637684,48.17391173633391,23.058045582017602,51.066791443646835,73.37000721539084,55.816269891877766,128.21490019330963
2295,21.196318612511963,29.393035409530786,26.29228038685264,26.541549714322226,6.722777810616373,8.314391668364037,122.49970806979249,39.13167915360023,51.06670337771654,18.008275131201483,52.198811556441605,71.75759167464363,52.27583624608373,130.04751951823567
2296,22.175470698586764,27.716724070306324,25.78080851207034,31.020874331988097,8.313596155238667,13.445483341359006,122.7923187611637,39.43506717488733,50.015026323488684,20.167233680821163,51.81556457762027,76.78600241659622,55.53089834002234,131.0855371816289
2297,21.445394761378534,25.77986220055708,21.447138658679986,26.08700051468406,9.91687875067231,3.26102737129285,124.1054716918873,37.64262599132065,49.50766839420388,18.010022991256832,52.19913319508806,76.64733450046143,53.083197660221636,130.80137293309602
2298,19.834964519297625,25.77896101588517,24.836702184918483,32.60802097192197,3.2610002687789152,9.91808917304715,123.83731120270392,40.79413742835144,51.0667002155818,16.305067777294557,51.81557176860501,71.75851942136713,54.02591574324166,127.84110267163773
2299,19.083701580883755,29.39313966698841,26.543847776823636,27.765886143595953,5.15697047089043,9.783026342917012,122.22805290089109,39.16549567277595,53.10884099398949,16.30413815859032,53.77960888811353,73.38713790617115,54.02586081615008,129.30865338804875
2300,23.739651220900974,28.52057439435971,26.74410540637031,28.47376963317758,3.6459592089923527,11.52895184177746,121.50882215061367,38.376227401256116,54.197656654487346,19.63382814448899,53.77985251035918,70.12794593213437,52.401877893412376,129.46370837807365
2301,22.884150397685346,24.456514967388916,21.938251385383747,26.2900344636406,4.8918872918562,3.261002062897869,120.25567114907287,41.918707096135684,49.66787453998207,21.196223188410265,48.64093409036636,73.38717480798914,56.596690532609465,126.2197125158175
2302,22.88422577352203,26.542368894940225,24.2406970627616,26.290037219999565,8.152409381685988,6.722610572545208,119.91166874369652,43.1688687930654,50.33227519832795,22.826334263476515,48.63996010260527,73.53295523701686,56.59670557179738,129.3086505121572
2303,21.195648792121855,28.05080087096714,29.030691190151245,30.97800648139776,3.261284690774658,9.783044710054646,118.31619943805883,41.05366099734928,51.55904558114201,16.305031672801015,51.81657737929286,70.27942842109499,64.60313131848895,129.17498809789475
2304,23.34423216961667,30.327809983180156,27.67130905715158,26.88968442675223,8.313619958386456,8.152000025437728,119.91265158965912,45.76869616737288,53.30768802667917,22.884296584765945,51.816528063623046,73.82161030509612,56.5966883236475,130.93337958769726
2305,22.884158292283875,27.764986195495098,31.321947575785078,30.06374535421844,8.313703559911287,6.722622352163002,119.91266297757251,46.374276394192016,48.8586280702571,23.34420579440647,51.815557360074706,75.44184554949042,56.29063881133777,132.42778290087273
2306,19.63383019015719,28.8447491981569,31.150060183020905,21.2586877257435,8.152042595608096,6.721892411501392,117.9900074979378,47.53476347898078,48.476054025005276,18.58918138352223,51.81561716072245,77.2519517272592,57.15910116159635,130.52666957723477
2307,21.25866274031076,30.064241119193866,26.743454293370203,26.88968272866752,8.152004828882818,16.385277670535313,116.72087254122444,45.681321148287665,47.4789641956266,14.764811185823687,47.479937696805344,75.07081728750498,57.43638504247133,129.63717333438964
2308,22.884173053891743,29.393062192789298,29.975684009126116,26.290030240440327,8.152028988393056,5.1557969202678775,119.91265151135687,45.7688029345323,50.5689222092276,21.258624356305397,50.22686669507279,75.2830439556842,53.9027893151499,132.55723880926348
2309,22.82607316021012,27.135988018334917,30.065157970244332,29.3932328281367,5.1560171340324406,8.31338162069057,119.91147955141989,44.770571373308194,47.53526098182269,18.22906731309885,50.227097328703096,76.64736523510253,55.64944115894641,129.308651747541
2310,19.633964800211324,29.39307021624581,31.149929433603287,27.909056685788666,6.522253331880393,11.41300546119312,119.2891171667507,44.502715783132665,52.09754545434185,18.00901554181806,52.1998028432121,75.28306060990126,59.057274804567705,130.59795631232527
2311,23.057810141874484,25.77989606073695,23.51568741029737,26.087015373151512,5.156114125415008,5.1567307823779975,118.66411719288067,41.91872225941104,48.859052588407955,21.258742669690054,50.62338365954136,73.38717485362572,56.29144595975482,129.30964969517638
2312,22.88422112138025,31.32005275448972,30.064006572149164,22.827019249696725,8.313569637182912,14.582804691806606,117.07356236642218,41.568468566359265,51.816186372291064,22.884338118412447,50.622144940715536,70.18481334968794,56.030212813700246,127.68511210217
2313,20.167188875207188,30.32770476350168,28.05121764438074,29.348036449352453,5.155729472399534,16.30427560254979,120.26646488016644,38.75553310161706,46.94454959333714,17.935173561563577,47.47868536126002,68.96154643969054,62.7246119246192,127.68509249356883
2314,22.884562968852283,29.393854781158517,27.669977093890825,27.908225612939614,3.261111906122842,8.152001365279803,118.69712391623338,43.322622996606064,52.680866758560704,21.19600024702054,50.62214508914147,68.55661572092608,60.874396604113436,129.0627104444486
2315,22.826078487113854,26.740599450783098,29.974866383454703,27.908080496531525,5.156080892005099,4.611761229760622,113.89780774950151,43.90085339627164,50.332706499068166,21.258592282082677,50.22686866125446,75.01771681404891,58.78651665432211,124.18087016852952
2316,22.88420910152896,30.32759664551671,25.78096282759121,27.718029468465616,5.155832403579122,8.780975681574391,120.25574705689573,38.75526344849978,48.47606402760416,17.93504081133135,48.64002322359508,71.7401276730096,59.50458555873615,129.0627128238937
2317,23.05783380939018,30.327844064110963,26.740893851059255,24.510339504482793,5.878533412157235,5.155517155825318,118.6641338598522,41.56847976737383,52.68084428159406,22.884148504119548,49.048283140841576,70.12797046583414,54.0259897017574,130.93336398223045
2318,19.632866571342653,28.0508050264876,29.97613742644234,24.94028568918742,4.892266283415996,6.522044301714064,111.59846324736245,47.395386915609805,46.94418975991684,22.175933746119707,52.63103933371176,76.90795916017761,57.159166910542105,130.68850202285873
2319,21.258582431787946,26.741795032387827,27.719982700335837,29.393262821541647,6.5221136336313466,5.155908253430807,113.19544050425219,47.39557343171302,51.55905878914503,18.228787226615623,52.19884498688458,73.8214937472498,62.72462026124804,132.55823259255953
2320,22.884534445529145,28.520566181200923,28.84701489041983,31.150170581404964,3.6461340707968266,8.152032032543042,106.81558253839647,52.5803848023547,53.308231442991406,19.63284091422637,51.481088503506726,75.01771280813088,68.10880572565323,135.57132805932667
2321,23.05778211625068,23.173081481918178,24.46035617989992,35.869018591402835,4.891517108564192,11.869740694508865,102.82041320693509,55.00135225702099,52.6812241033825,18.008967450309,53.083113972089464,73.82050268051242,66.20811100791082,132.22689621496758
2322,24.238070808486093,31.319163540580234,29.03150184286097,26.889926088521435,8.152053985973337,4.891003550136637,104.39888595721176,58.787120909569076,55.45920052779552,22.88434267426366,53.77961194556086,77.25294332698931,58.89952834232,132.55723672241112
2323,24.67344718786871,25.468460335501693,28.054498055784215,28.891004986654877,3.261018684325675,6.522032261818082,96.9801695618963,65.40178387908415,52.50347904111816,24.510506173791068,50.62240371520706,75.0708611349517,65.9475194289584,132.31639973243355
2324,23.344284056973017,26.740398530764597,28.847761819552844,30.459158752401894,1.6312975303729804,8.31336507919147,95.41959862172632,68.47832727199854,50.33265002447049,23.05771436421305,49.04924124561327,75.07089251408165,67.02676559515011,132.42687715840765
2325,21.75348218502955,21.935824505643808,30.06742062659732,22.65061668267967,3.2613182338558726,0.04120400000000002,94.46725046050734,77.25230724607258,52.097465883451584,19.632882794427548,53.40770750131144,75.63538040673357,67.02671369685375,134.05238582271778
2326,22.176719983976053,25.3639211486754,25.782642520028933,29.528680399862534,6.723684970920024,8.780187080011373,95.06935041146417,65.40151471620788,53.63147292234369,24.51135787411147,52.63103445043071,75.07092315048405,66.84800581222589,132.87880609264252
2327,24.83434992716538,24.45680119736064,29.398675839024133,22.650637140942088,6.521138226313042,1.6303973209202673,89.19891282639045,81.9282775972679,51.04062932592592,24.45608569246276,48.476980819429805,71.75785025755499,65.21801486952509,136.3046106328477
2328,22.709605379373812,16.05813252134036,24.456608388090146,24.94040135263718,9.78207779237845,6.521116687970029,83.02453192404198,93.3914654474296,52.19979267086828,21.258698224951054,49.507700179692065,73.6583285765548,63.607901530147615,127.21582943031594
2329,24.834219530239427,23.514703482961405,27.767092980148284,27.331391224253984,8.152071558852256,3.2611113269736984,83.55039628009366,91.53877435266187,56.22099778727834,21.25876294269165,53.77984985190627,81.58623068241394,63.67057512073261,137.30597272836522
2330,23.344334312968204,22.176879006351022,29.394217232373023,27.33144664895023,8.152068532852798,3.261000502315169,86.22809065907254,89.68998815167133,52.631002828573024,16.386378067343134,50.622420228120006,76.78601338268334,63.586001796252276,134.0524765390382
2331,25.520276307137717,23.514985710287416,24.45687334820044,26.989006954965316,3.2612293556769596,3.2600463605593006,84.0423060322747,89.25932171637493,55.721802162956706,24.456022043719557,52.63004118669307,76.69940440791758,63.774917629455025,132.10526739302406
2332,24.834147524552282,23.51442083330202,24.457033477196934,26.988077519457036,6.52213146685358,4.891046576043275,86.67413960989734,83.7271642810392,54.66244606389472,21.195034691387125,52.19881774289624,76.78694098824501,60.34801855226811,132.55831827927653
2333,19.700976752485392,19.901999377604685,27.670371067976888,26.34072121020012,4.892169544429179,1.630645147855592,90.7493231396962,83.83718916927525,53.63176681741854,21.19604282907776,53.77985782841326,76.64844035545588,63.92071689962315,132.22594628331723
2334,21.875476133085844,18.59005062869081,26.29028241801301,24.83422857957701,8.152156138533215,6.5213754623149445,90.26484616127834,82.49440433716155,52.630088703744306,17.935067108265002,52.198799813064205,75.00000121554005,61.97843879088702,128.84527893621322
2335,22.1768300621076,21.93506696303946,28.84833101096422,20.880057109030293,3.2614470052441122,1.6316008593329154,94.35428688357418,76.63146780920226,54.19766240651928,21.19600793527592,52.2000216453485,76.647413931948,60.34805353607117,132.55724802178563
2336,23.057993924106448,21.935541585436223,28.846112615248558,25.52024632761619,6.522250720981572,3.261465402118469,91.82743882526019,81.58821877036438,54.80719119734874,24.456182584941683,52.63005096651163,75.0708795829451,55.8173680004803,135.67917755835788
2337,21.874824135510764,24.23818153336622,31.320304402738,25.31168713110927,6.5222850719973815,3.2610086730091896,92.8065249244811,79.94140863965322,48.476089704830834,18.009096430036944,50.22689949494,73.44147355102893,63.607889570427204,130.68951103704745
2338,23.344697590320237,21.93508292842415,28.05219934498413,26.988914663022147,3.261052368080094,0.005681999999999965,93.33384930964544,78.70312290376397,52.680850981641235,22.826017162354,51.8165273370721,73.38813964489117,60.32604191087043,130.93339181996694
2339,23.739658751922335,18.590627986760655,24.23904659509452,27.861108938858802,3.2610347703575866,3.2615450176455925,91.26068748001532,83.0884774179486,53.63044592448132,22.884315553623217,52.63004294010785,76.64836644945683,57.088304885170324,130.59797741077574
2340,24.834376791890918,23.34443144286506,28.051112123390492,23.739498071728423,6.521207478401618,1.630007046870959,87.5741335982172,88.24036678902976,47.95333884817251,16.304009282701085,45.477393136016865,68.4790267032588,66.92749375627572,125.80739228339577
2341,20.62357167386018,17.02189381388648,25.36323555667784,23.057838089875098,3.261009190199222,3.261001959616827,79.49174034918497,89.80742682651729,52.09748481016727,22.88427508412216,53.10758579799557,75.00003799763049,65.2994833246243,125.71229686214333
2342,21.874188369607854,17.560100625213238,23.057414142708435,25.31076999037363,3.2612072291861733,3.261025097486339,78.7518755642723,93.85985980931295,52.68121549762077,22.82601167751217,50.0140874801853,68.47813863899937,65.2383935471783,127.26801895517585
2343,25.520250682096094,21.258640824201375,26.28965960522616,26.339784517536255,8.313362983766302,2.3058984065053862,83.58283246530044,85.11106084743095,50.35955325268968,26.137954711209282,46.40328908653355,66.92754129453876,58.69600442396834,120.65200423777672
2344,24.67349706902891,20.428794747319987,25.4678221643015,21.753275558227926,8.152128039726849,1.631060144828845,86.64282429790838,86.10534032189898,54.68663895301388,24.51138610903372,52.630044289696556,73.5318830383743,57.06500168899892,125.5546573003392
2345,20.62363000514514,18.22849523504962,23.17308913514182,23.34433424146479,6.522392756261167,6.521000416620229,89.06414518090301,88.73499290459893,53.63082773487105,21.258768890489268,51.81555196099442,71.81326887538727,63.607980527804266,122.37978151787348
2346,21.753298865180927,15.467738594958961,20.752182037814194,23.739523729344278,3.2611207650476786,3.2610479921129887,83.02420805584731,89.00528878359712,53.63078366334962,22.88428652631248,50.622176162446486,76.64747552119171,55.45900649876817,129.17501544950656
2347,19.901686406428297,17.636230388814113,21.935837487838562,24.238018916778607,6.522297814389027,4.89120434904331,82.05872201193144,92.23157396147013,50.622147001997625,21.25768918835121,49.04801337069391,70.109091586629,55.81735285802115,127.54966562384975
2348,20.42849472893198,17.63627822475948,20.75249429274478,24.9414618605088,5.156671205478292,1.6310136589326616,77.86887601596612,94.35455845162232,52.63004900996543,21.1961635418699,47.47895933946081,73.36906069883531,57.274387166795904,128.97001921761202
2349,20.16719406050831,15.467719157297921,20.752453963943623,24.67344765212206,4.891257459409046,1.6310343019336206,74.25221058544732,96.91142556449704,51.06672453966875,14.674036635639869,48.64095625201285,75.07091241305683,62.4909990194766,128.8968660745542
2350,23.73959962254498,17.02213780610411,25.46814639885204,24.511381515522203,9.783008098624078,3.2615612232501716,70.63792827061832,101.36236301590978,52.63100048977821,14.674026221970587,49.88175608273761,76.70044411708592,57.15810370347235,127.2158033497017
2351,22.65058392658353,19.014863410866894,24.23821665037135,23.057946778620472,4.891105914549816,8.152042202133147,76.8377438208799,97.28185364393475,54.197639126251694,19.565000640942078,50.96207169628123,76.70036304804634,55.435022232555276,127.26805314423946
2352,24.83415511540963,16.058687012850317,24.45651565524759,22.88428493215574,4.891191026732057,4.892000032166901,72.71452620876808,101.69073451847477,51.066798799442914,16.385386791197824,48.64000885443171,75.44186972584653,60.41408598359395,128.96896561354086
2353,25.52027121598279,19.015126372396878,23.05847519490442,23.057961140521453,4.891197083788813,2.305919217141849,75.79336652997769,99.25635756627233,53.10887814614385,21.195340090802052,53.779632552401104,77.06246680686546,55.435023710809254,127.54966499992929
2354,19.08370500668298,17.023124834633762,26.741047775457755,24.51026841150637,6.522253023495783,1.6305032652724083,76.37023639953749,94.35444218522521,50.01443566965036,18.009039463842708,49.88175186318948,70.1279778321413,53.82872254911645,127.18446081814942
2355,21.19538578368815,17.56120871077005,24.456639322311474,24.511347510296083,8.152119175183824,3.261219304554687,77.51023290871018,94.08654629059751,48.47641471671631,16.385348628053755,48.28350100607234,70.12799194208354,53.828718183281424,125.58634749708104
2356,18.229320600807096,15.467756761319487,26.741238909784393,24.511276306655716,6.522313996734662,6.521292768680796,74.35920755183179,94.35441548298687,52.09748845874827,17.935070170726963,48.28446292888646,73.38716085928937,55.52986921584835,125.55359581667146
2357,24.073453393503804,16.30464563172209,20.752267061407004,23.73920344130612,3.2612382399268465,6.521000068183442,78.39664926443176,95.3214099216616,52.63103000929671,21.195286705280697,52.19977817615724,78.68449440795449,55.43501626171423,124.08446827758456
2358,20.429757104260478,19.014008163978424,27.76525567790099,26.138088799772863,8.152142937634544,1.631138619521954,74.3601802875842,94.64895463074419,49.507660045242794,14.764368021286371,48.28446341599984,75.07096483330689,58.78656428488344,127.21580766039254
2359,22.176763848437588,18.22860952426621,21.93534188662268,24.673455652147464,9.7830386680231,1.6312085467189943,75.28308891273734,94.97230750355212,46.40326326586951,14.764254126507746,47.05702090849649,71.81315647747913,60.348063600409304,125.63824556521355
2360,23.7395615770881,16.05876360923994,23.172908905256786,23.05784941961148,8.15209567258786,3.2610005287410115,73.73053444271041,96.09910972653701,47.95239735219593,16.30500883730445,48.28426008114497,75.28304682104311,60.348044523786214,125.9235977055833
2361,20.430008971379365,18.58985959407575,27.71685089214958,24.673649933157932,4.892572755649159,9.91806511054577,74.2524160606317,103.1177694459042,53.6317085454237,18.00892180280988,50.78009554964794,76.64837930736512,58.898438031385815,127.68515599809714
2362,17.02211374430712,18.2290730008417,27.717957132011186,27.76628796256995,8.152259988582845,4.891815098121472,62.40598051305156,114.00221976886672,52.09746439555477,16.627948501578178,52.58006127729331,75.07086447499383,57.158162478232484,122.22808575644233
2363,19.701224815482142,16.386407267243214,28.52172591894971,26.138185998664156,8.15327997185724,6.521566670739493,57.82968081085606,118.69710945937321,52.09746819110038,16.62796579226996,50.78009647865836,73.44243410435425,55.458049922062344,125.9978560774713
2364,21.195394173655785,19.700832624716348,26.290726357272302,26.138260375209427,9.916936991295277,3.2617389061321505,59.81744603374509,113.54740933041714,46.40327312719944,14.674000024618351,49.58771302178633,70.58142670267242,53.82877423041182,127.90312873506383
2365,18.590214197988022,17.023127116766755,27.717920303965478,26.29021835772817,6.522554770545119,3.2613566103669434,60.59079793460578,118.0801148343229,50.569956025305885,18.22915033129092,49.15701409339679,73.44244513440033,55.43500572869822,123.36516583272973
2366,24.940737940833472,23.3442638040703,30.763462324779063,27.765904782457444,6.522105155952074,1.6318891906303237,67.0270003796667,110.88236904676175,53.63076723965621,16.627915895926375,50.77909976449206,73.44244199572915,57.088325235747625,122.2290625293412
2367,23.344224193460995,19.013887324366713,31.362854809539925,28.47501255014545,1.6303372409661092,1.6310199596452195,78.39672004933679,99.5107295500266,52.63110609468589,18.008222898920785,52.8072279532719,77.25198235052892,60.67753765570277,127.84112941318989
2368,23.344345132724893,18.228591855109812,24.072760542711425,24.67246434098194,9.918037986259641,4.8924081345743184,79.95758636560537,93.85987674461173,49.048330690710934,14.674000214497761,51.48093703720465,75.28296455435108,64.33508319534546,127.84123744330029
2369,20.167139849055456,20.429304441500815,24.887732247646536,23.344357587628952,8.152148027491206,1.6300219958712168,87.65074956759891,85.11101801131427,48.477371145359804,16.385456890470895,49.881787474788936,73.4414517901476,63.7749477306011,125.63923726655376
2370,23.057877866263464,19.633708616738787,23.515418071283307,24.941722404563414,4.891329814437092,6.522095789016223,93.39142867823855,75.3901041515237,53.10855554121744,22.88429079516027,52.19905006417003,75.01772619540064,55.649353198390564,124.08456573001264
2371,23.73936330444278,20.87994680121479,21.25845180455714,23.344179318580913,4.8912469496540645,8.15200195864794,96.09921474248628,77.8693061859659,52.63100309920082,21.195112450698716,51.81653204688429,75.28307357071927,55.458960702792986,120.75216604316267
2372,22.709635809779133,20.879360389362933,19.901734102157917,19.084255370883344,8.152015486497788,3.261012724921532,96.91233387459208,72.36690186272878,51.06670319443886,16.304219510200884,51.81558151798043,75.01774783013796,53.82871536046667,122.3798122080641
2373,21.752175418120263,23.51460353217978,19.013893436733106,23.739549095653185,4.89132111665235,8.152000836044047,99.25632115256037,74.25298844982588,51.066701680346505,22.826039260828782,51.81654520860619,75.283043187549,50.5692771047434,122.45678090698158
2374,21.444410595982358,20.752181628848884,22.650514598596853,24.834700838295138,4.891089561723563,1.6322670181686245,100.45378188929237,69.09695496720964,48.47603455381632,17.935011254205115,46.68848033519636,71.73900552099276,54.19786312177444,125.71333119914013
2375,19.834926803820085,21.935863019533258,16.786345112205403,20.623913945972962,8.15201987239971,4.892002366653553,103.28512067286474,65.09608992592463,51.066748261028074,18.009114274813445,51.81658068719075,75.01774152471167,50.56928638697114,119.06675283827151
2376,19.835907246609604,20.75252512798967,22.17680278541444,23.345058893391826,6.522024066769754,3.6462204344950218,104.8810318843975,67.02811250223537,47.95334264929203,15.032178338251443,47.05706216583819,73.4414424374084,54.02584867996442,127.26813675395158
2377,22.88429242464905,24.456427163477972,22.709758558470995,21.19578487357993,3.2610978703843214,1.6312617407519534,104.56470202719518,62.08551871272636,53.63076614566397,19.56501300557914,49.58783162801536,71.81307880369695,53.902755301619216,123.95594280028249
2378,21.44441516187488,23.057376328351605,19.901690574551708,22.650926421872995,4.8910292769445975,2.306280387925385,106.9890877820297,61.46206315021982,47.53535723422559,17.022786564386042,47.98069549797263,75.01771110850666,52.40187184275099,119.03330175007393
2379,21.258600563757014,22.17679406445482,17.55992693521505,23.739727797630653,9.783064704250979,6.522243401193193,108.40835095956879,61.267479639229165,49.50675102560454,21.444268513388458,53.40773152505312,77.06243470585268,49.02158392016746,119.03324835521497
2380,23.34414419107048,26.28971230621258,21.87427161931623,24.83397763151318,5.156138942042697,3.647417971009227,111.27637364100201,60.59113136349249,51.55878316267323,21.19630376401709,51.81555461868217,72.03485758796383,51.19623936465606,124.08465747792286
2381,22.88416708194565,23.05734196490003,18.228438034592184,19.085056515216973,6.5221173169578055,3.2610859468858155,107.22497795814469,58.33319155360972,47.535347355819944,16.627906474815305,47.980678808440565,75.01771387105646,52.579088108648364,120.66417201901046
2382,21.196436399504165,24.455839491845577,18.230312013321235,22.65163846744077,4.892565191515077,3.646241360091333,113.45299651058123,56.94987146374389,49.506713350539606,14.674077433496187,49.88158360842529,70.12794770515652,53.08215446067008,123.95609957242785
2383,19.63279212648481,23.173068498871665,15.46774837895218,22.709802921026714,8.152000006924423,8.152007936123761,109.37324162267572,58.333234336651145,49.50678742286226,19.834775591556383,51.815593166150165,75.1593777316099,49.02159965686964,119.0332833594343
2384,23.739598611469425,24.88742356493149,17.022399354967547,21.87495814882726,3.646162342529617,2.3068645037280864,112.06238180620657,58.446582616216524,52.09747010942567,19.56500051796585,49.58783132215407,70.18480791783229,52.58011253247937,124.00965622818907
2385,19.83491032117465,23.514576869516528,18.589865679558432,21.258974044203576,8.15200194204643,6.521073660834173,106.98912031928309,59.79532699503863,48.476392064313636,20.16732043114991,51.81558531748259,75.44177106635439,49.3459620403372,117.4024875989069
2386,21.257754596100327,23.173058590711157,16.786421828251015,21.195935666063946,6.722709429841829,3.26106443511933,111.8359682660962,56.88014583113536,50.015164958250445,16.386314239938926,51.19724463259767,73.38815078444574,52.40184740066945,120.65206703058337
2387,23.057766818508043,22.176214692134707,17.63641944211987,19.70169611251275,6.72289464409162,3.2612252470875354,110.01491027643577,55.43523325451282,46.944211880530695,18.009133006633736,49.88158549291042,73.4424393190955,51.4808932809245,117.39119542214384
2388,21.445385050846607,23.514950589440772,16.626930002936888,25.520830286062363,8.152000551643741,6.723159111618895,116.68722684704944,56.1505519842882,53.10854340622642,22.884238512479776,53.77984951786173,74.01843439438363,49.34600962921372,120.66319308969982
2389,22.884272050259362,23.173121207437617,18.228564020317556,21.195444305114314,3.2610232685096188,1.6300313035043177,113.25373910288063,56.150947449804704,52.097512432794964,18.00904682793537,50.9620734409622,71.90553779049709,52.2748526002611,123.95601842059162
2390,21.257700267455103,24.238096482897333,16.786371206800414,20.623907605250757,4.89114155723837,3.645764861378767,110.22023740153281,57.62309734739518,50.015452504759686,16.38631917658448,49.88179264927851,73.38713965221649,52.274815005951346,119.1225606167205
2391,19.700767514937965,22.650546149915378,18.590017813379728,24.073025349246176,8.313600116000831,3.2610029900409714,110.0150230450814,58.44626680720105,49.50767810172303,17.935574510955178,48.63994768830142,73.5328463642208,49.88156629552943,120.6521855102666
2392,21.25868327713102,23.057416195367683,19.901718257489378,22.1780466193224,6.722710708479448,3.2610641400023335,108.60495114320719,59.08039134857651,46.40338543131351,14.764253543708941,49.881665820764276,75.07089524332855,52.579068484441606,119.02211511242862
2393,24.511406357347745,20.880123958759427,19.83493281099206,24.83422848365392,4.891349827297286,5.15588873348714,115.070467077428,57.62228528842145,52.680840283098846,21.2586166847619,50.962060827113184,70.41073610557049,52.58018247147583,123.92381578545033
2394,22.884200430105118,24.887567977665086,19.013365565897686,24.238386618803567,8.313981100697472,6.521803133574656,111.83686670358584,57.62085870259225,46.94419854769231,24.51137414950299,50.226876969207204,75.63524168227963,49.88174720122023,119.03327311641071
2395,19.83591039462547,21.258483749687255,15.467727534713301,21.87467957289892,8.152144761394009,6.52204073496951,117.94550824535177,56.14986217402465,51.06670332597649,18.00905654502116,51.81653495968572,72.20078919436622,49.88159520326706,125.55473152188956
2396,24.941266603222626,27.136177536371495,19.700855198858775,24.07277567830756,5.87889574099388,3.646743052766358,110.44913827656138,55.459004856381064,48.17391121169912,22.884278547228913,47.980613872898964,75.28304515552894,53.08309556619583,119.02206358543287
2397,21.752241283147814,23.171661689621743,17.63576019576244,20.43021796018656,8.313617883487552,3.645982445871228,110.0158995804801,56.149558405069676,46.403312856234685,16.385488477718475,48.28432681380746,73.4414344369943,51.19620090908013,119.03330037417689
2398,22.884200566864077,24.456409435490023,20.428846402792775,23.74003772061239,6.521401657227029,6.522717337640493,110.22017965696212,57.62237614797498,47.53526149133565,23.344148420759275,49.88175766410103,77.25281947131953,50.96205783487163,119.12254385164357
2399,24.67352264772297,24.887865873913686,20.167154332337933,21.87477407999107,5.156011537117084,3.645986622730416,113.67528499849669,59.07982246665962,51.81617899825966,22.884135483718516,49.587671054594296,70.58146975679456,51.482141779125236,122.38096010326464
2400,23.73925310606078,26.741229599265964,16.78700203919761,21.25872270396555,7.291565595643286,3.6461448737124655,113.25356597002127,57.62202672679408,47.9523953407261,14.764358387732342,49.88160063469722,73.44244263034942,54.686180412044855,120.66415315980191
2401,23.05777924941397,23.173060580853516,17.636197976560613,21.874585222684445,6.7228848282058795,3.2613439772517334,110.22117023379353,58.33195040689656,47.535353139990065,16.386272542051785,47.98067887318917,75.07086091058927,52.80603316942109,117.40239580704045
2402,21.752192782617673,25.778439122569726,15.032019872261474,22.651602546869007,6.72323081565888,6.521008775274282,114.87386732157822,55.43546022941344,46.944538883454754,16.385559309983808,49.881779482603726,75.28296214340719,53.083268599634685,120.69615742349002
2403,21.44539744084242,24.88810008863074,19.01412001184392,22.65052640946925,8.31357250976021,4.891277461114242,114.87389928881348,56.87864710567848,46.94467728115207,19.08283816857487,49.881824966169816,75.63529109469704,52.58006866351134,125.58536608647657
2404,24.511405016239348,25.468381156850146,18.228092654595397,24.072517750929357,3.6462042710090223,3.645685854160386,116.68734067359243,53.3087048804004,51.81653035033361,21.258594682053776,49.587831290252744,70.41172870878138,53.083354828911254,119.03331787997692
2405,24.51132806960348,24.456612634056413,19.83497546087238,24.073376652889337,5.1560087539918635,5.155479394478188,118.3055740492993,52.580964586658155,52.503465437584865,21.25874972209796,50.96305363289157,70.41173596848904,53.082210466591604,119.03332741194431
2406,24.510272898485628,26.290308554377056,16.058188690042105,24.073368517676382,2.306203199800286,3.2610814197035602,119.73452743399295,55.435425381765704,48.1745916506953,18.22919478967035,50.96216026085637,72.03480727086415,53.407770355100965,123.95608655325748
2407,22.8261110107202,25.467882700067523,16.787268608559263,25.520256550107213,3.2610471817752282,8.152088222135278,119.92318903917011,52.58145961686498,51.171116278766085,16.386546915542677,49.15698667562517,68.65251783143528,53.40682520652791,120.69621484129124
2408,24.51128067194147,28.5211232050634,16.385377921395143,21.258518377471283,4.612157879238843,5.156447684274175,121.35506940361934,53.409089593057466,47.3958934918921,18.59000676003712,47.53542975112392,72.0348592830434,53.40677431993902,125.63835784433097
2409,22.82700415084634,23.514183568983217,19.633091342244093,28.52149552655827,8.313567619403981,3.261720210502395,123.16035454364966,52.20047612315199,47.395307267165386,22.88427182333664,49.58766675780608,74.25137654047955,53.77988733059681,122.67377277047038
2410,24.511352703986528,27.71824482143224,14.76458946566411,21.258435603955466,3.6460083301188635,4.891088409593942,121.35506186417052,54.00253906689042,48.859310628465636,18.590190262368907,49.15705689205365,70.58135908154587,53.778689185424554,122.37992901245568
2411,22.884199327386504,27.717248644770045,17.022110240095365,23.739522491258583,6.722935563519568,8.152128988668034,119.73453316864747,57.04196855110325,46.94360016292503,16.385281019613,49.58769377981412,69.42262416185274,53.779870592096906,121.19072990141271
2412,22.82610641546212,25.520360345926154,17.023086902325343,24.833946369886558,3.6461850925208714,8.15218602801296,113.2537180060604,62.40584210395371,49.668309567867155,14.764462331091178,50.78024175931866,72.64121128717686,53.77869092308981,123.16040387851028
2413,24.511326863913528,26.289669672499215,22.175981510904084,20.879882573747263,7.2917860317380105,3.6461719905369336,106.59177462802086,70.18497321258724,53.97693019109555,21.258674512324266,50.57030852762338,76.42211584848988,55.3623749316175,128.21485118881304
2414,24.45602924491304,21.935136161333148,19.63293282289541,19.014135776688892,5.156044124109173,3.2614293361537294,98.16515829088256,70.01453218703733,48.939691739774034,21.752994393260593,48.94019568163807,74.82203533686213,55.001182970660665,125.71266191021932
2415,24.511271106141333,25.468640510717524,19.633781847458764,28.474393271362715,3.6458729179828997,6.522000035553579,106.59077475039396,66.38968540390722,48.17347277203559,17.023152671690653,49.34583305073813,74.0183618396974,54.686012743068716,124.43753918770695
2416,22.88425790356545,27.717830243917422,19.63298574249867,26.341075171916707,4.891001697569184,4.89110697672834,121.19161462528422,53.23358635502443,53.233297570045615,22.884129013097724,52.58006229675476,74.51950161998512,53.40771156358788,122.45694587591498
2417,24.456010433185913,29.93102773447084,17.93628329445418,29.97496618681457,3.646057544582112,2.305274926091023,137.92417114771845,30.766314202330584,47.53551809554727,18.229113950359274,49.587783613597914,68.55560444891601,52.20006244914154,124.43757808899319
2418,19.632814781695362,30.632666175633467,21.196914859521648,55.386904030279354,8.313566205198889,2.305171248657238,145.28235707648398,28.05418375208953,43.90080400266403,23.057952151013062,47.05710207420641,68.96163765480244,47.478964455775404,122.67274996327566
2419,22.884261923154884,30.63343781950523,15.468658134575564,28.14523316827208,3.6459609893581573,5.878451135260134,151.49002725347958,22.65375924573615,40.89095772472472,18.009019925951524,43.900499132845496,65.29852986524189,52.199055078222095,122.81452009948174
2420,21.25861104073258,30.63254672942373,17.63701096483553,51.19663708472164,5.879337095021895,7.291860936271596,153.1043156682724,23.345575636389864,44.50152506098238,19.632865442052683,47.05702339595248,67.34336198227425,53.779615467954066,119.56796083997779
2421,22.884205645359835,30.93530993875466,19.634380842412718,45.30105978891386,3.6461333204018502,5.156429005039141,153.10430466943095,21.198252941164377,42.39120291376542,18.00900977759255,43.90050499159287,68.49742961522449,52.19976807449075,119.9222402848442
2422,21.19503695250574,33.013530855378306,19.63546639151736,48.394120018302054,6.521027758469457,14.582743282428869,156.56388182390438,23.06238273488631,42.39084100661442,21.44525247185218,43.900514419300265,65.54232309038213,51.816762876557306,120.1327478874241
2423,22.88412613038064,32.115973337751,16.789207700336807,27.861059904218397,3.6465037843623165,2.3066775322449855,153.10430348697113,22.180958408005353,43.9008747604531,20.623431784084875,49.04897877702901,65.40025050523008,51.81653701514869,121.97778343436157
2424,19.565029695651983,31.65727084156437,17.332857894704677,2.306110005476871,2.3059058476497394,10.311969470475379,154.95150076632393,21.26293198480858,44.35236321348045,16.626946384142066,47.952423379883655,66.84817736653753,52.80702116234165,122.22834871729587
2425,21.257638125759144,31.489098713732794,19.632936475638683,40.7608205945476,5.155655744795339,5.155815773539793,153.10517723898258,23.348940198951684,43.32194867343304,21.257892238045688,49.0492697804626,66.86873864989943,51.4820792325017,119.28936885148775
2426,21.19500524857344,33.01407636560624,23.174014038985025,27.136268835341642,2.3069179658584407,10.439938854105204,160.78543039171683,23.347943151999523,44.53238911109907,16.38632469388356,50.22785600341595,66.92781151686891,53.40672833738245,120.13368140149153
2427,19.56552826403174,33.01463101372208,23.059311242379458,45.418452509711344,5.15551787043127,11.757720673064552,156.56389284109756,24.512668818141243,39.401950759992374,18.228466904438903,42.79729529167511,60.414799996275065,50.22691054184686,113.67542208833802
2428,21.258032317386494,33.0136071803039,21.93588090463878,23.057644293492512,6.721875046035945,5.878445813971727,158.9902059862733,24.459902760764155,38.16911634051048,19.63310788524219,43.32203047746017,61.957062350292475,49.506762855215044,113.67558526265034
2429,22.826292057405247,33.6128652626565,22.177536420946346,27.909174502976644,3.6456856441119747,5.878662986617316,168.32239014305645,23.347664026844296,38.1680076734301,21.445462104142145,45.91389686135563,63.60881650236938,46.94325161101221,108.60437768044535
2430,22.884794604810352,32.116708108802655,24.83445803404315,32.609252944167906,5.878438561468914,8.313559249954238,163.24782475564896,21.26292514444426,36.092300926032465,17.56058430264895,43.321252739066374,57.08977892173732,50.01503934006107,106.98964504288978
2431,22.88441061961001,30.93635744282774,23.344886427706154,27.71764536270596,2.3060159734835457,5.15549951227087,162.40635936112812,24.51436586106543,34.04610897985607,19.834820039038092,44.53194745466932,62.04273085640575,46.944545993444514,108.07759561759096
2432,21.25976360309404,35.1215400870702,25.779177164605187,29.39323358390153,8.151413614865211,9.917068361680515,166.81472291397225,24.45797630138391,33.014018781151336,18.229845303045398,43.04542486276576,53.80487362397664,52.19879986752569,105.16066646118678
2433,22.885631025870904,33.61307946610885,23.739943847664872,29.393343703571816,5.877886069709427,10.311258514443548,170.06596755993112,24.51283771970601,34.0449122205444,17.561037922505754,42.29728339366834,52.20087882093173,51.06670056480455,101.92566300912318
2434,19.634461771611292,32.116708487031055,23.344441678069085,35.19708444583419,7.291936172789822,5.155584185017366,167.64934520488003,24.46045370558283,33.612762334798084,23.740453769662484,46.144379041921184,54.686640524454276,46.40233271800104,110.00411827415984
2435,22.826443871247267,34.04583342112835,20.43012173844533,29.34816171117838,3.646150053183341,5.155497682268475,166.03256557576225,24.67543637106767,30.935525478650337,21.44573102753184,35.006540887239964,50.780656224171885,46.94453662331881,106.47927405718004
2436,24.674271201894882,32.03468157243841,18.229404876465352,25.520374849867117,5.878529585784509,7.2921133981572455,170.34704967195418,23.744512835644453,27.7665755438945,16.3859679896848,42.07715671164062,50.964673846416815,53.63079148096029,108.76380250244111
2437,21.25956636758525,32.11678262278619,21.25831804369009,26.988510923308393,10.439288734863627,5.879454815449777,162.59443703137234,21.44989624706844,38.0637405040745,22.884481064386076,45.681411284699664,58.923119944905935,44.352483786074544,115.48594711165521
2438,24.674073884720023,33.61261932009525,23.51414618806305,28.050827397232496,8.152263839425235,4.611786866160413,167.45194646749758,24.460098286017434,37.643173155474116,18.229505685306503,43.748924486180556,53.90572468197339,50.01535511044923,110.97800651562282
2439,21.195486072925053,27.861010247500342,21.87455867150254,32.28085884587343,8.78024106869506,1.6310322796290775,163.56518731871756,13.93109826811501,37.81810295935828,19.633800812674306,45.682232840679035,55.00300897413691,52.19935256109585,111.9436650630184
2440,24.51077971919141,30.633184381773244,21.195883543173185,27.717008300004156,3.646134630677269,6.721891032337937,168.32239146713897,24.943212616311108,37.18171726643354,18.22907664844981,46.71717023075447,60.67866518324298,50.57021186962709,106.77883051946691
2441,21.260733989248852,32.116602132860166,24.07461391159991,36.017956596801874,7.291905900167744,5.155476796301306,169.5963919007551,24.51305387249829,29.975720689289865,17.561257901517227,41.568257285759024,53.90365466651341,52.097125643630285,111.30017138423698
2442,22.826901165515764,29.97587219065908,19.7009878339987,34.854548855135164,2.305515317693849,8.313379775454994,168.06061555285436,21.198486606385906,37.642507558414344,21.752991989893204,43.04402783107687,55.64970342159851,47.952386695196076,116.4928635252288
2443,21.259093212882483,29.393558033272793,20.88058727695186,40.268318995895655,6.72305978555309,8.152234396021948,166.8147722410023,20.170624896533262,38.75551028350814,18.229116274410313,45.213420538627204,58.900183832879875,51.55873126406529,117.14274621007584
2444,22.884625574082577,29.39295189897469,20.879819960865873,21.93552368614936,3.646291346758195,8.31359956504811,159.16573160173348,18.017254955454483,40.3364720461848,21.259034090434362,48.94138880773034,61.39832241486593,47.057011900004476,120.25554366120242
2445,18.009139344259737,29.930889356139215,21.935553363943207,26.54091408285824,4.611064057646644,9.507210755755827,159.1657020793916,18.01629140459368,39.971047517423166,21.196134137301193,43.74898600006397,62.7262876692217,52.200035738260624,118.31703488258837
2446,19.565015534597077,24.073453834155586,18.229076150818084,41.1501692519657,2.305968673031198,6.52203349375054,159.56709113308295,21.20486842583426,40.76178149606961,23.34436866797564,49.66804556520631,64.10884044691248,49.88174695589689,128.22532634757934
2447,21.25774245626058,28.474341759028636,16.305615977107404,31.362843056862783,6.722602519501626,6.522083208072777,156.5649495822816,24.94750836232364,40.33487810549603,14.764566723975467,47.53529689366526,63.77582433432668,53.40771593790881,122.22942748141814
2448,22.82600041012288,27.716776514961655,14.58559079476461,25.780012983947692,4.611438187481616,8.152382657483603,161.40419432561922,23.062980268567337,42.328905630068476,22.884361854514466,43.900796492226505,65.72489168764602,51.815581212941,124.70471880065737
2449,21.753241539398132,29.974939153634647,13.930103285717479,31.489168777435943,6.7218268268750085,9.916880449886685,158.42107799368725,21.447906124020676,40.76212880297113,17.022164307587943,43.90003331318105,60.41511898270178,52.199102107718296,120.89383412070295
2450,19.565016047871797,28.474382523302282,16.627091923739698,34.27810251957077,1.6310050209024782,9.91789607518698,158.4212379103159,22.83262248435834,41.56964388602219,18.229454821255672,51.04170344119487,65.2599359132235,48.28361192507277,130.5170470545995
2451,22.884128714768284,27.7176979614852,18.22952295379161,29.931252166974897,3.6464659290838624,5.155517800171058,160.28907711342308,22.890527920727354,40.335835694620506,24.510524207199584,50.64952415900226,69.65218458522635,47.05702200069707,122.98807862988889
2452,18.00902032318517,26.988059704395763,15.467686202874688,32.81235373363655,3.2611214545037703,6.7229053325478665,160.03189272190917,21.263031505675997,37.18047498185463,18.009386661526577,48.14686412685516,62.300797065845764,50.226892032082766,110.977546974515
2453,21.257693747919507,27.8610650583315,17.56031108423843,29.16722909670802,2.305931130335223,9.506709850713984,161.4051919064896,19.570501422167936,39.67169780609415,21.258742400359363,46.71728558304743,64.91221498279572,47.47867938190899,117.0750369097497
2454,22.884214633510524,28.474344056067412,21.752152839742585,28.474725894667827,3.646147471376486,5.156830732426269,166.24846646067178,21.19831491760566,39.70395534364456,24.672562407440086,42.39178654526678,62.29967609196259,49.04897542663988,121.19063625447382
2455,18.229151793173607,27.861060409632795,21.875789161921478,26.98833686457921,3.6467638865000147,5.155921900871764,169.26737826089325,22.829170885366977,38.755748178974684,16.627035959154735,42.39122853308265,57.065520140103885,52.631002631444204,118.75442558777688
2456,23.058028293097458,29.39285158419275,21.25843233031157,29.392582094550978,2.30588783647612,8.780138868409844,167.2685971293262,26.087551158346802,38.167109724539365,19.835890927593773,42.391802828452555,55.45948025199053,52.630047797995005,118.75349269589529
2457,21.25772629470696,26.34069948952567,18.590215944070376,30.935688925384653,2.306736906763615,9.917903713395098,164.358733746416,26.139648004060774,39.19886486755463,18.00894134533402,42.39087016953135,57.27478023456364,53.77985716586612,121.19123559691212
2458,23.73954485163013,28.474683158129125,22.17577602132784,27.861086807415838,5.878451332944368,4.891003852719873,165.66331538996027,26.140057011078138,37.25113173339093,22.17659883789441,43.321053800206485,55.45857152403114,49.04828096374808,121.19138533314474
2459,18.009090918339677,28.474351193929753,18.228736715330385,33.01353580605036,4.611915421830739,9.783001484825622,167.56242259490128,29.394090931521827,33.61297356872644,15.032083697352999,38.75460193962672,52.174977162439184,52.19880128752093,118.31686686413248
2460,22.826023381093766,29.165958076147678,23.739590345290797,27.861243415722292,8.15245857934647,5.155884507601059,163.75977545061113,27.719796372799657,38.168186022993076,21.25899560373714,38.75474358603359,55.43556211158551,50.22689660286951,116.72153966051103
2461,22.826000107761377,27.717823855595057,21.93811600006031,28.844816064937945,8.152154792210943,8.77976151355472,165.00444186302528,23.059849915497328,35.12203597098864,21.752138938813673,39.704000135998605,57.06585291026506,49.88178768592558,124.70416114068564
2462,22.884276394247813,23.514133067776502,21.199900225096915,29.930483777720706,6.521856209467934,8.153089498896984,163.4102844560257,22.88533707873443,37.25208679350389,26.290209691000396,40.89097589149392,58.71855525909072,50.57021212330044,117.99053689129055
2463,19.633115185889476,26.2898245011207,18.010384569553896,27.71778187740207,3.645685461074384,5.155927888423647,162.7584539488414,22.885437680201793,33.927563698694556,21.195835733509572,44.35249406203973,57.15846514763817,51.55872611380387,113.4529729881487
2464,22.826007923470968,22.650703432393136,19.08755319471044,27.13538485784949,4.8914454223776875,13.145728514063133,165.38214729993427,22.884970963649415,36.63945257639676,25.778893837816405,47.533989775814206,57.27476861193445,51.06767912221035,113.4531839398779
2465,19.632811719374278,28.47434257370549,20.753477546727588,40.36753650537058,3.6457549852265365,11.528700469615588,164.6739362048106,24.511894968369365,35.758722425336096,21.752386831796105,45.41957005102012,58.69654018178916,53.631773459413225,117.68570003272427
2466,18.59002410844711,28.47342559301093,18.22910638609147,40.10392597698917,5.8795657518072275,5.155822735987061,160.95152563474872,28.89249183497195,40.89103652520471,23.057781560069472,47.535264602130546,61.95607597828354,51.558726107323444,119.29016251444578
2467,22.826329099097983,27.861066633783146,17.022945164010302,26.988977027101534,1.631720709577498,5.155894635560493,164.123547160472,26.542731741909304,40.8590852966673,24.940482782306546,51.1700908973139,61.95625021918997,55.170571106244324,117.14230679343873
2468,22.884407116637874,29.392856970540045,20.43085903933067,32.812082610738955,1.6310039774335603,4.612026300568622,165.7118430277991,24.51153615175454,39.400761707318004,26.888996847699612,47.39499965861197,55.4588298628303,51.067696984943254,117.68578174783043
2469,22.82627662563761,31.489089164536008,21.875241652274934,31.48913390228769,3.645845922077501,6.917631263609294,160.95159372477696,26.290296680772666,38.651700041346416,24.941268183840997,46.94431692509786,62.04230231782054,52.19905643667555,120.61960734477996
2470,24.51039025721855,26.98800669491562,23.057975334637128,26.88996578176658,6.521459778595851,3.2610632524869536,161.33909695560146,28.474223733071724,42.39097550747726,26.290042405543335,46.403262486931304,62.148996306039784,51.81556714021859,125.44828332473911
2471,19.834826928977723,26.988918008862527,17.021842565074135,27.33116470581735,3.64602315293926,6.722697635094132,165.71182864628935,26.54236256814655,38.755340435021346,20.167355631702645,43.748956896149345,55.53231272679511,51.48189845139091,117.07494086187545
2472,21.25861553054664,28.474342585303358,23.057902752487497,32.97383057001725,8.152001103690049,8.780052509063047,163.4092922003949,22.827904380814246,38.06354481589997,18.008976729409145,45.3026516007283,58.90101353658857,51.066747342572114,117.84344398706496
2473,21.444614554920857,29.392465302468853,22.70931355781854,27.331169837268185,5.156749536024587,6.722868614650728,164.90019616977835,26.29053490198726,37.18032998877816,21.25868943755708,43.075358037497566,53.905350343021865,51.066724305743065,114.28174991870345
2474,22.884402834089823,29.16638551453805,24.2384973381538,26.290032670684116,3.647041745902519,8.779677255963383,168.06190865195256,24.94183318791334,36.63965900048071,24.510632683023797,42.39169773791206,55.53136560503447,46.403263218218434,118.66420071133174
2475,23.057822641552473,30.763369250498158,18.590253278562493,24.673460668792266,2.3071506354020324,9.916885154611894,168.66131970995997,23.344695328569053,38.75453835264773,26.541816263669705,43.7486921031476,54.19798313757163,43.90058215561339,114.00239762354074
2476,23.057941034001505,27.669278595424814,19.633608051775937,31.657147601453225,3.2628538552433137,5.156770722822707,168.94510356377694,24.458500941832117,35.75861430010013,26.29021820643983,43.4143218053628,52.403226529257466,43.16773013318694,102.66622450309315
2477,19.633983015333428,28.845630232208777,21.196264368413786,29.528682399780955,3.2612974353813784,4.891125471827133,162.60272190748293,23.345263093809994,35.757735247946734,29.393325670205474,44.35222667592871,53.08360525158036,42.889807194026474,102.34156823057775
2478,24.9414193994196,27.765270101012284,21.259385647964965,29.752777049971105,6.7241847534273536,6.722852700223306,164.80250223702888,22.885788384989084,37.53555701719909,35.90709548410599,46.11538873966041,49.882976917550735,41.567267152551466,102.97549925448982
2479,23.058356528363785,28.845269271468172,19.565442107906506,30.063968604610846,3.2642841979339297,6.722656937381297,163.337554451696,26.088514126812633,29.931033973580156,26.08708177569422,39.26628998439492,46.374586227386324,46.37415918129375,99.98955311773396
2480,21.25867886576969,13.92988831296315,12.733523785783987,22.884125090094294,1.6300055250016747,8.153015536093948,177.36524192707645,151.13807644944063,42.07618159759365,42.516857575576886,43.41291394528909,191.43610334522114,0.00566294,23.05777133996377
2481,16.304002169453902,1.631000038047996,2.306582324659052,29.393230581762758,2.3052455692190303,15.032087612848793,146.7392001696198,146.53119794403747,36.96453622169666,33.61252720471791,38.20274797806248,38.75450215140926,0.0031673210000000003,39.16393704113481
2482,13.145482375604086,5.15546128587401,3.6461324738961083,39.67079082989479,3.6461643768707583,1.6310000000056306,142.92124898986808,145.28278282055985,29.39328606190958,28.521415238855724,31.65747611580145,188.1160322460839,1.6300011644865393,2.3051834372519737
2483,24.456629319057996,31.32027041873201,18.228116632378637,26.29003224595659,5.1561042809788695,6.522105844177085,157.51231471008518,27.86158935617639,34.89352331560121,26.290045192840566,36.63979070326466,48.941228855510026,45.47681512170913,113.53449713890413
2484,26.541545408703243,32.60876540936146,21.44558440991623,27.908176426005404,6.722045933773525,8.313579876626976,163.18978352728507,23.74030183335691,35.796127436905486,24.67245742898428,43.90087088520961,52.403086396667916,49.88192120130627,123.44008747210607
2485,24.94131496620893,32.60921412080149,23.345479180736472,32.973948984018044,3.645744024201339,8.313362978792739,170.22289798830835,22.884718424032442,37.922707216864175,28.145517654588616,49.668759154008306,57.15842441497528,47.95243088092188,116.68726747699542
2486,22.88512286131765,31.658216909111204,18.00896033653037,24.835051424615195,4.89212317212322,9.783079448125125,158.58875552033828,26.989165184510693,45.94221695935702,27.76495360775595,50.33225569332416,65.21800286787595,52.19882009439724,121.9776522566773
2487,21.2586713521164,30.063769156628236,17.93503557457537,25.520968664982597,8.152027779854762,8.314127620473968,141.57518416157066,38.0630610273477,49.668237817076204,31.020911342681,51.55915029462183,66.86789510934612,51.48198225771199,123.15936580615646
2488,21.258676472225044,21.93455181218898,14.764318090001831,24.073227873709023,6.521001998238035,5.157220011662145,133.27708685562462,46.63173243602086,51.81564085328378,32.64973953417697,55.17055838822017,71.75751556929839,50.22694579190579,121.19060707178357
2489,19.83494505086517,23.172407679670513,17.022815592283816,23.739479481824816,3.6456928598039005,8.152083237548538,123.40822428087327,49.77510078387749,54.6866201384368,34.27784938547078,56.71451412413028,71.7585153016193,48.640927054039174,122.32644933005439
2490,19.834903526299705,23.0581546760194,16.057755466041993,22.176759050347467,6.522026814173941,6.522241814174643,119.1552315474196,56.150488572386486,56.3151815687912,34.2787773933704,55.72213426742096,70.10904923367282,48.283649701276765,124.2985133772976
2491,22.17692799307423,20.879235711132345,16.78652610104971,22.17564193847486,8.313580723351386,3.6467537060925532,114.28109548010217,59.10266082989328,54.80753364750499,29.528784534723357,56.71420757328028,73.53202806236153,50.78022103050956,124.00948971402343
2492,19.633032421779596,18.446520929178696,14.583874493985565,18.22843303657678,1.6317036640349538,4.892423939523794,105.97791020573327,70.24203670632448,58.332306978248795,36.202279468968804,62.97815134196445,76.64840464687768,46.11540571532608,127.18444949628797
2493,21.87525447829116,19.633455991327626,17.33216488691272,19.90169311413042,8.15205318467739,6.522036734954802,96.98013583876786,78.3965997369862,59.795565255803,39.163979211379626,58.44607232826351,76.63012103003649,47.311099473603896,127.18447216216931
2494,20.42918870965719,16.058089625322527,18.589905259505034,19.013424602112654,4.892248852045035,3.2614826204099505,90.26513061067169,81.99350014197886,61.266403641919496,37.53543042909134,59.10266670486024,76.63010660110528,44.05121863437112,127.17400095778079
2495,24.073374593408744,18.22852998932527,20.879812757682327,21.19559442873636,6.521080410749085,6.522019271745841,87.65011512622776,86.22809213362491,61.460907262409265,35.9070167773131,61.460886147288875,76.64839280546803,50.64908742827424,122.29387717023607
2496,22.650808357302065,19.014752967597463,18.446335519268132,19.90256071048552,8.15200009054366,3.6463902702372746,85.68763392904714,90.95385357582268,59.94998438659811,37.5000009772096,58.44607096849811,75.00007423539377,47.31010786105231,123.92372724860083
2497,19.014234271252814,13.444540202834222,17.33233395159878,21.752995006459475,4.891404235744188,1.6315190482495427,85.1110407284814,86.67506441226948,56.14883450410091,34.239024315071006,57.62138476487255,75.01787210192879,45.68109041101803,127.18444796063591
2498,21.19586587676686,18.228426442304386,18.44635949069441,18.22854338367783,8.152081869450575,1.6312135330633735,86.29033604285956,85.11045737519927,59.102647321908094,37.500000307072014,58.3323055577915,76.64740616125505,47.31014140623508,127.1844475239454
2499,24.238589807899793,18.228437739581768,17.332200145596815,21.258442332025748,8.152035449486212,6.522034034325479,87.2093791111207,82.49439159511168,59.10132334831631,37.50000576686901,56.315156798977256,76.64838909891859,50.54400180502195,127.18445865739352
2500,19.084186596399903,16.786350208345617,16.305003141823796,19.08386444253273,4.892373152139559,1.6301388232527882,92.3611945002674,82.49445809182151,57.62138618430324,35.87006321543977,59.10226343501741,75.0178455056022,47.28201301941096,127.17401510437715
2501,19.902512955704097,17.5611074919927,18.44706126621181,19.901683152185814,4.892291104396892,1.6303073449583012,89.31838499386897,82.4934679673198,59.10132402017425,37.50005780396405,57.62137131117769,71.75859977329335,47.31109561512032,125.54300179809896
2502,17.022866804600948,16.303600515751565,16.30441498121727,17.022184389070706,3.2613940866753834,1.6304711255489885,94.87414964039266,80.94983594234054,59.10223580752692,37.50001860427954,59.794671520465,76.69958380022996,50.544006284045444,127.1844579968199
2503,20.42980130278998,16.786592370136567,19.90283365525546,21.874134405349334,3.261003203623259,1.6301053220267656,99.61686400141001,71.18131615033548,56.94868555029559,39.13002409570712,59.79556875062932,73.82189679768531,47.2830281719374,122.45680327669112
2504,18.228886978175066,19.63350798481565,19.902508849016233,22.709142061342746,3.261111194807708,3.2615922103784154,108.39622393831648,64.50058865765955,59.34870619400651,37.53542215134088,61.97754624028284,75.63560859898541,47.3111715562721,128.43229726263658
2505,20.167526977055182,19.90250816563622,19.083252846227424,22.70966297694521,3.261490323257783,3.646521179228731,109.61559776092561,61.462272542899356,58.44575710108563,37.53542718124071,57.644851283612795,75.63558460289156,48.913013871203745,121.97760150070738
2506,19.835364575087187,18.446314959785646,15.468089790030565,20.623547077697996,1.6301570557415581,1.630015773923978,115.07022921740823,58.44630334236737,55.45832784833042,37.535521806137716,57.64447306156893,73.82182281714508,52.19951953328278,120.89462838381337
2507,21.44540604332626,21.93523234967438,15.031979970392783,23.344764887593623,8.313373764342835,8.152007989236074,119.28997434151583,57.62225777358545,53.63171581596307,37.64152732027223,59.28095255638936,72.0349863822457,52.19953190564254,119.01140104610845
2508,21.25907196165404,20.75219948459591,16.628029089245693,23.34404843742167,4.89152446282181,3.261270329196915,119.65663020508326,53.97742199365433,53.9769522796568,35.90709281877492,56.8790605266988,70.41115394246438,52.27581082106724,120.61934221605664
2509,20.623522266949564,21.93508003914858,16.78656545015803,18.59055479205095,1.6300216698022714,3.261051358565847,116.03622689602093,56.878725535106646,51.17101981039348,34.239038862365334,50.35955244913754,65.29963982513223,55.53087133092885,118.5178422110699
2510,24.23826798541519,21.935129469623064,15.468264014334443,22.709128821075666,4.891505743045145,3.6470437342495723,116.5968984196386,56.220457533985126,51.04059738759194,29.348087944385913,50.35954261716439,65.29859211974849,58.78656611538391,119.7345447713542
2511,18.22935164054322,18.44583358537985,13.930243583329602,19.700764770749633,3.26100890050321,3.261397904447747,115.49636120794632,61.266660759689245,53.977355986594226,35.87000005955519,53.97739009237717,65.2170434859475,53.82870336090972,122.97563748787618
2512,19.835166764316572,19.633451541856004,15.468019733466038,19.700800550386653,3.261728915193468,3.2614023215598773,101.72901081940955,67.87441099752527,52.50436520909501,32.64883854881475,53.23238351439324,63.587005766748916,58.696004771422835,117.57198526261105
2513,19.701062862913844,16.058134740632983,16.058625273164807,20.429683693759834,3.261051111921455,2.305922165035829,98.09824802116559,74.37782910555005,52.50346529685494,35.87001396499734,49.668276650540754,65.21801170877869,57.088290472290815,119.06666862939609
2514,22.175469939515605,16.058112044570674,14.583645231987926,20.167400088859825,8.152001641310424,6.521052668985312,94.46664806466845,84.78286048080071,51.79007021941958,30.978000304436204,50.35817101888439,63.60792028944901,61.95700027627387,120.66302360360459
2515,22.650521130923977,16.305168222755434,18.589895477167257,22.176810146116566,3.261021705294854,4.612045320648604,86.91975046811103,83.58292100182642,51.79085358001395,32.64885911070887,54.686198300935814,66.848024010654,58.69600356592945,120.65300093790432
2516,20.167108545987094,16.786400662158616,15.38100743942992,21.874305198350047,3.2610155141429726,1.6325005544994748,87.80180507897379,84.04248089285547,58.78651832508384,29.348006308002677,59.79466529707147,78.87043398487825,58.71875276683897,125.58534640989676
2517,22.651378776706853,17.56016364900517,16.786839762842956,18.228592230541114,8.152163438476977,4.892789958165378,96.58202025053512,80.53776181492273,58.78636238565315,34.277848083355444,62.08509847125799,81.58725818173724,53.82971503108565,127.18446614913441
2518,19.084048111040808,17.331377011677418,16.786450046186925,19.084125312806894,3.261217718658041,3.261504134544238,95.90585765851719,80.9489404973722,58.44659542293091,30.978032559660612,59.10133144437214,80.04170020696965,52.174000012873066,128.81434068893927
2519,20.42960234219256,16.058168181270272,16.058295984429808,17.636161183830247,3.2610052993886955,3.646735355199729,97.45893155448672,72.7156852496872,60.87433484483401,32.64886123838044,63.58615458964188,83.55084804904644,48.91300464556563,128.89688978109592
2520,21.25847824354606,16.786586799831664,15.381080067053967,21.258443019254287,3.645752837371747,5.156774533004254,106.82837547575845,70.24131907929794,62.084703749444245,32.97281876947637,60.5898984907396,79.90872035645067,52.27581301897935,128.84632413005417
2521,18.59023560088297,19.633586941912135,17.635712375362747,24.072543423805914,4.891068247555353,8.15200794449814,104.66637850079162,64.23250345814778,59.101336005429026,34.239042101753235,62.084739225995285,81.78254631874333,49.02161505573844,125.63928881963795
2522,24.238102435654813,17.332130068404744,15.46838851179918,21.258609835361327,6.521115464829326,3.6464073458657484,108.39654286370936,66.02905794320898,63.41968886407443,35.907062016822486,69.36566238530649,89.73340607774735,51.19620009981995,129.30965717917485
2523,23.05778276572252,19.633447316053413,16.786371707034373,19.701042204806953,6.522659214141471,3.261041834187988,114.2821188670649,59.79580422430932,59.95063884918708,31.020907351783407,60.59034362401465,81.58721400710932,50.57029302602071,127.54967277997177
2524,22.709682581653162,19.632090188064268,16.05817683644866,23.34506871894619,3.2612074095954333,8.152202919172208,119.1553717540161,59.08100813894653,60.589007762006844,36.20094560070686,62.08470218841429,79.90870386414898,47.395325045837346,127.4350263983204
2525,20.16733423386332,24.237351857231204,21.195470595822655,23.739497279031845,2.30667879935837,4.892504920344959,121.83570188233358,54.68766959891418,57.62138330585866,37.817614558171165,62.0856479122163,83.15200794478632,47.72980003909717,129.17499170771336
2526,24.51050593636455,21.93623947414507,17.935045910662204,26.339928058399053,2.3052204393700273,5.156614937454989,133.70514774315237,46.633613479717596,58.446596697038544,30.97809785894257,62.97726455625578,78.26100658849695,49.34593969238565,121.5421381561363
2527,23.739692782028218,26.289954085468654,17.93511680596034,24.940697717777,3.645823858073802,6.522137846364139,144.73337719205364,38.064783064285244,53.97692611551012,31.021052594037457,56.94869207398476,75.01773620031483,48.64095987179781,121.54107049695891
2528,21.258738795856086,27.13587961863044,16.38585653448251,24.074364309273328,4.892060874930417,5.88003622157685,147.89385877533732,34.58937577832015,52.68084540565576,31.020912209003694,60.87433484016143,76.6310217206049,49.587680724400066,127.60140285712792
2529,24.94133677758791,26.28984906837668,18.009099931179936,25.52169765353517,4.611874155213252,8.314114714008262,156.19830671205824,29.93474496212729,51.55873405638468,26.54158017264903,56.94869389117256,70.18480112845774,52.402816355806806,127.60139180497494
2530,20.62311199229545,26.340972903676587,14.58405390353043,21.87582390764742,7.29217272818475,6.722646177368077,158.95714715383903,24.94259764107599,45.91363023847734,23.057910880321806,49.507661674892574,66.84800917043243,52.40275901457299,120.89381749028142
2531,22.826060875282167,27.861164245774933,16.627741044139512,27.86153664222562,3.261409531550608,6.522382941711479,163.25517748530922,20.625703342612102,42.32868743695606,19.56600001099707,47.953176843734255,66.86690207928002,55.00115750087885,120.13373614161226
2532,21.258614952019464,26.988294095787356,15.468252912035275,26.290275157444857,4.892762422434178,8.780093168836009,159.5580613024411,24.67542006327399,43.32208200904208,21.25879691794771,53.30811975403509,65.23760730982718,49.88164724741997,117.07380044410093
2533,21.753008917930337,27.861175383133585,16.058873989549813,24.83489611290387,5.878147726715374,3.2610292121980686,161.33931673082228,21.260944829399154,38.376284757438455,22.885409583141918,51.04051399261079,60.874862653040935,49.88184712704089,113.11290592751224
2534,21.445450827120613,26.98811403945516,16.058853798138877,27.861661957803157,8.31336310596378,3.2610175281442686,161.33931524411085,22.88685114807241,44.35315589754838,19.835598171300003,51.171532293488745,63.7749064075096,50.96204609124282,120.62009799838718
2535,19.63279585595857,28.474412537593267,18.59071231702063,29.975680209333387,6.522063936871586,6.722996355965158,163.5078609079583,24.513171125612626,40.76156549112292,21.25795989177797,49.588417740204505,60.67768122442235,49.34599392474332,115.11679766701172
2536,24.51139242925958,26.988092910918983,16.058458807376137,24.07381732956001,6.722568711640224,8.152028576509275,163.9867215861807,28.475377745105312,47.53535972989611,24.673905697255332,51.17053268514645,61.977540891810484,54.025928501642376,121.50868677897436
2537,23.057768108421232,27.717640223193577,15.468024646528043,25.520791225804604,8.313864032567777,8.313595147131053,168.46495158640354,28.474964227320864,45.30200105377354,24.510406650338645,47.95289351772275,60.34818978976617,55.362355238089776,119.73469017744559
2538,22.17690577028118,26.988083346277595,19.014578368694053,27.86147998581554,5.878687849611486,6.722885363475783,173.3479254593526,34.85477253786679,44.77047015978721,30.064014646261008,50.56967069426346,58.89953341037329,52.6310349990918,122.81349395582029
2539,24.51028908531935,29.16638267226711,22.708668628838844,29.392762198958753,9.918178800138742,6.722850231944813,170.45639139068584,28.145478095450645,47.53530186686939,37.18080774094669,56.315883121538036,63.60802913024777,47.057059720466626,124.77885618148456
2540,24.511368092069084,29.165944495250358,24.238059082136882,29.393878691847103,5.878714871048699,4.891051821972979,175.3760812873641,27.908471929965696,43.74959085407093,34.58706460256698,51.17182416790125,60.32714414158336,52.20017669033856,120.6193756269381
2541,21.25871421101185,29.930899045479528,20.168056259542787,28.891936715228535,6.72295203494902,9.917066360817852,167.10107517757473,34.85470744535123,41.75977235507299,32.03365057005157,54.68706337256519,58.89942983916929,51.481180297312086,120.89364928415148
2542,24.511337186019006,29.16593145871179,23.344130174949246,29.3937869534691,8.313779599730728,5.878550340555158,172.81096964248596,26.088470181203046,43.74967289489197,26.542093717331326,54.80762597617097,65.21713359276083,51.19643306754877,121.84742749476634
2543,22.88437931611135,28.474406711272874,20.16708268076314,27.331058622896833,4.891776252288037,8.780080274350613,169.64346180926242,29.528137623897116,43.04532779748983,24.672903549890655,46.9446560584593,58.696020349452816,49.88182558724271,123.10669738853059
2544,21.258721730642723,29.166383618231027,19.7008596055898,31.489093974538186,5.155819646015992,8.313567636586653,166.88664866274715,26.890298879988293,38.75451450356924,21.44612609961714,45.41931978901586,58.78659945374012,50.22698336131735,127.32078448961343
2545,22.826350501953094,19.633196211868825,37.50000005955268,39.16393517607071,8.15240957211565,1.6300020454179476,169.64389945436082,20.429511196062652,32.486375267098765,18.228133474285578,32.60877487701423,41.28030287563857,50.226871677928834,97.67700875186809
2546,24.51026445721109,109.53054834612699,2.3856460000000005e-05,0.0002126075,77.45845340972443,26.988006688258352,42.39115732180428,53.779850834509766,47.02942408748782,1.6310000180667281,32.81206150184981,190.76107692347645,0.001448559,189.8944342954599
2547,21.258096381951884,26.89027213539973,16.786408735345418,85.42302631314227,5.157049201397631,9.917032033400385,91.3777840375108,22.177008696658827,14.583690488028422,21.445652377828218,30.763850452027697,26.290161091267727,49.04850373102997,98.09705557351403
2548,24.51169635005347,25.520246083763166,19.70168505257582,47.535358655640586,4.611801927882875,5.878450356813471,168.88906997261725,18.01082119029835,35.19610705251095,21.753481633524792,49.58841651293191,60.874308689243605,50.015042836927904,123.36525941821104
2549,24.45734826076457,27.717588259680095,19.084328294363004,37.251029750546465,5.878200564652088,8.15200013064086,154.50490267356835,19.634360438499133,38.16809070992384,20.16730741647545,43.749304272752575,55.53084778368149,49.04897604996803,107.48505145602525
2550,19.56500037060121,5.1557775367823275,80.94968507042287,0.00017771279999999998,2.305875370098403,27.71717647966675,150.31868509789143,9.962000000000024e-07,26.988912872970072,51.55872365569971,1.6300000024259513,146.42160767114595,156.46244211984683,188.3980533728233
2551,5.155779378303839,81.78247347690291,145.19140388466678,0.0001806676,3.2610029256666904,24.511257597361386,145.191403886586,165.02052294561744,41.7909461008154,5.1557775388507565,41.246536206092784,190.32163702535027,0.000897258,189.61515544982564
2552,42.79725532371338,3.6456852583301,141.81000495381537,0.00016759889999999999,7.494830000000001e-05,90.8666745952811,141.8100049540619,3.7944999999999922e-06,34.23900000000891,8.152000000401921,160.4551498207525,192.89461394504525,0.0003123176,192.89461424612742
2553,133.8152805256817,2.3058753221319894,105.37471888456425,0.00014561610000000003,1.5933000000000005e-05,1.6300000015412832,248.00335650954602,9.8768e-06,195.90405417194,197.41085806257485,8.780046981715426,196.79736731219492,197.41085806273,196.7973675573863
2554,131.45017602041207,124.26617872937133,2.3058753219984545,162.73280662488736,83.02452435877372,151.56860590836231,222.42159107875602,17.021818263628692,121.4969648880226,5.156726190335346,151.00650595256133,121.9773668555537,5.156726195414683,31.14916833298636
2555,26.29003053695823,282.516858824422,261.5612357689884,35.75762771788946,4.581999999999999e-05,62.744670060531384,282.5168588244216,28.145404250170454,1.630000011355951,0.00021719800000000004,2.3058753223112123,46.68908747264231,0.001758585,54.198275031579115
2556,102.92484641167349,38.75542769790462,238.4339385511231,213.55631907769242,104.39894264311378,248.08865924303166,30.934664989305077,28.89219548706192,2.3058753391919864,0.00026267999999999994,4.611750428154159,209.94057895517113,2.3051695019105796,215.37789931690125
2557,97.94824112813646,29.930884467479313,44.85892505400144,34.54856654065943,1.2191900000000004e-05,40.890957631307884,67.6381646261935,70.86246663784799,1.6300000008810283,2.305875324501486,5.156409991459025,31.361734088216867,2.30587548939754,0.014453985
2558,88.04300000083386,29.16592906126843,23.057762185446535,40.79261895264865,1.4236199999999998e-05,53.82829112098337,47.39531843969426,50.64808952064273,8.334669999999999e-05,0.00013404000000000004,2.3051681067879697,39.16397657311766,0.0010655929999999999,40.79262180531156
2559,116.68734034621342,116.68734034592102,157.06358386653662,39.130000000211304,3.28297e-05,8.31336297803515,116.68734034594071,39.70352530460221,4.4640899999999995e-05,9.067689999999999e-05,1.6310000000252611,41.24653620632889,0.000842099,40.76000326243687
2560,120.25464003599002,39.16393494034891,55.43500000000847,39.16393494047837,1.630000000038859,2.3051681077713275,158.6800397340512,47.951945507639465,0.00010365110000000002,0.00013304000000000001,2.305168106909378,40.76000000021875,0.001289409,39.16393960788226
2561,22.884488436434722,29.16596259539503,17.63571577903843,25.779244803385915,6.521066157606089,6.721677003553516,147.64198096580665,23.739671422465836,42.32870497621783,22.884360385040246,40.89096117251739,60.67778830714232,54.19872435974906,133.50751607246326
2562,19.836156314493564,25.520341648097236,13.444659503313396,24.835582912941593,9.91805161437182,3.262619273350962,141.99720237616603,32.36314094070167,44.35320627004993,19.56505197845896,46.94453880384075,63.67056461023353,50.78009677742531,119.01051795092275
2563,21.445457129060767,29.931397749412234,15.468456080703167,25.522854992067064,9.783036516997122,5.880524789778545,150.04444948450737,39.43482989330332,45.41824931481235,22.88412667212002,46.94418921569909,63.67056961135924,52.58014855934282,115.7952508653622
2564,18.00950339465961,26.29041504501274,11.529627850362322,20.62528111288828,4.891206888914963,9.783409140873552,140.25555050696445,41.504464633075685,48.17418402176512,24.510259884897525,50.015039567787696,63.587030561661294,53.90273827970789,115.28889185317671
2565,24.511401619831503,28.520922137687744,15.032830861831743,29.39454521209002,8.314040795848069,5.1566530525613095,144.36430063820984,41.56836444425987,42.79735378113034,19.56501558125789,43.90081114920712,63.670533958581245,54.41828627083213,113.67543609652266
2566,22.884347101842447,24.457365623877916,14.674605042778335,21.754914267405063,9.91794043852985,4.8910940400793965,140.27479080159338,45.095289670599044,46.40331493468132,19.566009528672453,49.5067085743308,65.23837512847051,58.89848384138659,113.92074871072013
2567,21.25870160205879,27.13584805087185,14.674917629604037,25.781155442642294,9.782000113936242,8.78021238713709,146.7211880260932,45.68148547487727,46.688812471921835,32.60915526960032,48.47653135863181,63.92082758828131,49.88179418960789,117.9447105580665
2568,24.45640366990261,26.98829767892526,14.764605194191795,20.88201199561674,4.892674883194668,5.157178845669898,146.31281910082956,44.352326916742015,47.95200820726335,36.78477171976643,52.09761796392448,62.299363636268595,45.913380673472716,119.02216576853796
2569,24.45709632931619,26.988241458177793,15.032178935869673,19.90365041233703,4.8915161202981015,1.631680483477416,148.7278592945313,43.75020021405572,47.95291104921259,36.7836962707018,52.200146342383114,64.33533498480003,48.28458173091868,123.92401145660676
2570,22.88422530935426,27.717339676700593,17.021900675571505,23.175162925553735,8.31337705504819,5.879755383134971,145.83125603066125,43.07543899866061,44.77079441143036,23.34439346243199,42.889803253538275,63.31502909827636,53.10773836291058,123.92388019263376
2571,22.826042811571217,26.988390797380436,21.4444679753305,25.781552164389176,8.152063050041058,5.156379805722661,147.13695543939784,44.532372719369036,42.51708699126787,24.673469256657715,47.981072962977784,61.7204441063092,49.048301271940936,119.03348591095033
2572,22.884291157630944,27.718315387981196,19.835164543006538,25.523196868800294,6.722159495474366,4.892919330422843,146.3130616502536,44.502628492496804,45.30208097504967,22.884154839254155,42.67235817021637,62.72363248957626,53.40786286975991,119.03342425256584
2573,19.836087158005746,26.28997667857255,15.467988074765298,26.990382266290013,8.313767633550732,10.937441376821498,144.73213986373813,44.50204396936793,45.30113351193417,24.511257598099764,47.05727519386693,62.99975447872871,49.58804174957175,119.20084277997215
2574,22.826687169630244,23.51461241883872,17.93510781185798,24.83575773189798,3.2617340188365738,3.2635088716539684,143.57091625732772,44.77072402245879,45.213564719407415,22.826003466030564,43.168743729117764,60.524052825239686,53.77994000718939,119.12271974025347
2575,21.44548318737076,23.17308092779687,14.674145689658463,24.23945503890724,8.152000027451038,9.917042756713345,139.3049148462406,46.63177357226352,41.79106089103745,18.00802371057343,44.35325302383493,62.149901793748064,56.29171591159601,121.35536236872422
2576,19.83503759138168,26.741859727206524,16.305002702108617,21.25994878443599,5.155947456664056,7.291871429475422,137.74129850832685,48.9134582968447,52.57991862824948,34.27791580975463,51.06690793480695,63.92083725639506,51.19741857967026,122.45604150490344
2577,19.083966229639362,26.742111386329626,16.30523271373323,21.87679453823989,6.522478379421805,3.261002512465171,138.85557664392493,49.90928383980603,52.57983461932518,36.20095858943167,54.198462909068134,63.92085976925403,47.98077550662963,122.37997279507167
2578,22.709634313428825,25.467978836991023,14.764695776286404,19.085068638010835,8.313611338094933,5.156759518496057,137.28588977395796,50.77987076194545,51.04049533842754,31.36173502140952,52.63109504896213,65.29865069094153,47.979817821083714,120.82823300322507
2579,21.44627655272141,24.239177866428026,16.30503413335186,24.239279065511223,4.892082546274174,5.157205324623131,135.71860613920143,47.28269177482757,50.35957001661228,27.76496126580853,52.68084128727195,68.55660130899547,51.81557047735003,127.2681885183604
2580,23.058360260556814,23.173358152975872,14.764363784411515,24.83486155630266,4.8913017993398435,9.91730344899497,135.27706584792008,46.116168352246554,46.028977824930486,26.13795251632388,50.62217651297458,72.40288080907327,53.08309706255737,122.32673911691215
2581,24.672587596218,21.935073180519733,15.032109212485446,24.07347804721614,6.521371822787303,8.313468289710665,135.27705456263186,48.64095976876115,49.04874843673687,26.137912817343555,52.63100048485199,70.27940997218452,51.48122609779727,122.55358288664681
2582,24.238030606762127,28.84548488916284,18.58912265485,20.167809904283647,8.313408190791831,3.261012898714721,128.8976249865429,53.23291636307072,46.9445526452849,26.137878350749805,51.06670211206869,70.1271348692441,47.98060470094384,126.2189645799214
2583,18.22928001226668,23.058993634266752,18.229213746067728,23.344850357534863,4.89121539022804,4.891659692942283,133.05783965950866,53.08292221069973,51.17101672065571,22.826090669441566,51.06671990717593,65.23839401281461,53.902847588709115,121.04901980535395
2584,24.23820737368031,27.765419685294546,18.007963801502488,25.77964258916996,8.313372548985445,3.647681541338973,128.89760315133563,55.53100290187822,47.39569688302508,29.393253023231118,49.0496135076912,66.8679028638488,48.28350233190637,126.06180649347739
2585,24.67275830358255,24.456404746103374,18.008092680207564,24.834003895861436,6.722135712305733,3.646200018325287,131.5004571183073,55.53178147894789,53.63077771180381,30.979074124921166,53.10892249115984,66.92757915101195,50.56933053538089,119.42371281536337
2586,26.340186026398715,25.36323082264787,19.83504818368298,23.74029143703916,5.155688466150779,1.6323366509470123,129.0000407286076,58.059219113960864,50.01442946586728,29.348009000002936,53.10884654986293,71.81309308127557,51.19627870389767,121.04915598511636
2587,26.339800667377318,25.46877862149677,19.834905728034112,24.83393209715696,9.783011113379986,5.156663003470798,127.47687085311792,58.378359352497185,52.68121075197008,30.978017450446398,53.97692267672457,73.36900244646098,52.19951996717513,124.77902147721954
2588,20.42938541546392,21.258469368793612,17.02210705877508,23.343877551289843,3.2610197275773705,3.2610079993352956,119.69068616435352,64.31440374031969,52.63100237081056,26.13795290373216,53.63078378571741,73.36901199682228,53.80501087751372,128.22578347459302
2589,26.3401409995546,22.650742941785577,18.590199827217447,20.62416195289329,8.31338102200553,6.522024503394987,113.76937980682631,68.12853394444973,54.19827698176416,26.138041859085988,54.80856663260017,76.90696013736951,52.19949966604108,123.83837359670879
2590,25.520258936243206,20.42994271479821,17.636163587365743,21.874118136635584,11.528831854485919,3.2610022797808327,106.5788001051368,69.09750814470495,55.36334473337128,24.67235083731127,55.170570888974844,76.7869504670166,52.4028446641739,129.82208908136226
2591,21.258526012703804,22.65056049470079,22.650592464913586,25.3108245424956,5.1571722370136515,6.521618655665876,107.3867241270884,70.86335857752276,54.19827269794378,29.392344675458713,56.1488518707385,76.78595877078857,49.34692761016969,127.60228097461119
2592,21.25846789524328,23.344482893305983,22.17718934674637,22.709591318999724,3.645687650818261,9.917869262357586,105.15966308287936,71.75818624414998,53.77985171527667,26.137982673830784,56.15025456809625,78.68447554873457,51.1962454545098,127.32079918014016
2593,23.514854268825385,22.175806632851376,18.58998850108297,20.429720803009044,6.7229538823437425,4.892814803781206,103.74754532329389,76.90751136365792,52.19976833507655,24.511348733174206,52.09754987792921,75.63522760010477,54.418068577501,125.99788422432611
2594,24.83413493187152,19.901710057251293,19.902622082783076,21.445610692765623,9.783120915617895,1.6310254810054037,103.18159203425118,79.49182355060589,52.19976843690597,24.457009113110473,49.04960706292481,73.44244498889373,50.56933127390622,126.59730369923874
2595,26.29021258637709,19.014039049965145,23.514575016974906,26.34071943871776,6.7218753994235945,2.305877187208567,103.74757813143258,80.2896106784333,53.77960757165691,27.717001356319972,55.45919411837031,76.69939702807578,49.588747786772124,128.21500787538454
2596,26.290194644484917,18.590466540320115,19.90169581019827,23.739206860384854,8.313559107988926,1.6305257714050352,100.84981700955373,83.27989451665572,50.226867374221044,21.445396152282182,50.332651307896704,73.53199467865701,50.77909738901948,122.22805860297716
2597,22.176845939456822,21.752081702065126,22.650670301960165,23.3443471851705,6.723944172691729,8.1520110099536,96.7882730242441,83.58295089314838,48.283494639950845,22.884198832441673,48.174035137124676,70.27846989415346,52.4027496500239,123.36414230997981
2598,20.87919632269406,25.5203056289476,24.88775420259609,23.3443521026908,5.880026453383007,8.152165369128973,101.5197813555266,74.80522028140042,50.226880542112276,22.826000134397834,48.17391889362431,70.27952437574824,52.19951613575731,125.20431259307814
2599,22.176205896799484,22.70902003391331,21.874922621184496,23.05777494789122,3.262652964789358,9.782022603676694,101.51979248911232,81.14595656908138,51.06670310960853,26.13787819051895,48.85876013299317,70.18380029527971,50.648102920747604,124.98104204443626
2600,25.520271940055885,20.623589471270066,18.230088423658305,20.167373520181037,6.521016607101166,4.893037417290973,104.57726790521167,79.64122345534582,50.622147779680965,27.764893216434366,49.04869683203003,74.018272900705,47.395342109037315,125.44809601505919
2601,24.88672730693204,22.175850730117205,24.23837327815184,25.778892860037953,3.646998461107541,1.630071608194249,103.58130935752955,79.4911893077532,53.30768958236521,26.0870000606594,53.97699277726426,75.07087288580855,52.199517075178456,129.63724973080244
2602,24.0725171054901,22.70870060701073,23.739538552939432,25.311684112599853,4.8932686614941145,1.6310077346625025,102.8207735962997,80.20718968763585,54.80753072630528,29.347006166090914,56.14973177162135,76.64740899850959,48.914031058939344,129.30968189767415
2603,26.34014966579266,22.709185838151132,21.19621886770094,24.941473172585816,6.521002624021876,6.722604413609504,98.50324711515574,80.53775433161246,52.631004156443645,26.0870031540149,53.107904345578525,76.78693005487887,50.57032318578168,128.96902952117284
2604,24.073369118448046,23.73939589085458,24.834121573768968,27.33106391728429,4.893332820972165,1.6312404458107663,101.37621840961529,80.96527463255649,55.72176886472168,27.717019068257436,55.45830559181907,76.70041239801886,50.570317468439995,129.1749164645941
2605,27.716723486239225,21.874752643784728,22.176538428462035,25.311684524140205,6.721636793710605,6.522041163744974,96.98011735830394,81.14580577792448,52.630040648293026,26.137876934322733,51.55904090538333,75.07087235533517,52.27584211835532,130.80136839526384
2606,21.874113088091725,24.072518916700865,23.34352511022794,23.739539117486867,3.262485136830632,3.2610715951786133,97.71684392136929,83.28034070591306,55.721772079780045,27.764948652512274,56.149746243480145,78.27803218569525,48.941151497619046,129.1759099662799
2607,26.289658211115963,24.07355824087463,25.520356527923635,24.83372701110385,5.155484645742258,6.521334161372901,99.98943692904183,77.32160676681846,57.828552693705504,29.392323954200663,56.94872376449474,76.70038501809991,49.02258236619943,128.84527539869788
2608,20.429714587781824,18.589912161169597,18.590006817103706,20.429230822453444,6.723329610887785,3.2613531290039397,100.83724216437449,80.28922255583589,54.662134204425804,26.13793807624887,54.66212261963131,78.2610272586026,52.27581215330095,128.8143265243517
2609,24.23835415091731,24.072486460432977,22.650616965626543,24.833844383878386,3.645685277749646,3.2614895259736443,100.21559062401346,82.4458347704031,55.72177931666607,31.020906587467255,56.94868792129992,76.63004380575525,52.17401174761385,128.8978834366042
2610,24.0733797232685,21.257635981665686,22.65052731297368,22.65053329864081,3.645699577244918,2.3059464059764903,98.70589275284078,80.28920915471674,57.7831492814132,29.393230594954993,55.17056279478325,78.27801203222278,52.17401176976933,128.84529218365995
2611,24.238015533777197,23.343868504149544,24.072695764913743,24.238022744632403,5.155779139214179,8.152205779660479,95.69650138393975,84.78246654423221,57.25119067277055,30.97800060829171,56.94868351294678,78.27804203270162,55.6503705468433,130.68958380991398
2612,19.70078055216379,18.22843560748853,21.257709349809428,21.752011777673264,3.2611288389366275,6.5222764340682176,94.46722431381731,84.5624346948087,56.22127160170256,32.60900124945153,58.445677342353804,79.95855868689796,53.90283324433773,128.96902474517043
2613,23.344336456003152,16.058461444848653,15.382610901329148,18.22905275381261,9.782187875579197,3.2620520075438386,95.69741997144823,82.49434109835191,55.76923543710128,27.717020950640368,57.82915628426577,80.04058107626179,60.67781525853178,127.54973481180905
2614,25.52035958265922,19.902913144628023,19.633506506793907,21.874560586727227,9.917266127134077,3.2614453677179367,97.83959622803488,80.94965222395766,56.220981636925146,27.718035604247405,58.445721286225535,81.78248921029152,57.158272077327126,127.6850949539711
2615,24.07260065842411,18.229458034294407,21.87456139627408,23.739498239289443,3.2610032260899646,3.261378039776462,99.04153678047224,75.28302228180911,55.7701036903694,27.717012110400756,56.714501378694834,79.90764695613024,53.828773264127854,129.30966584178657
2616,22.17585974335877,19.01473550895559,19.014295248120295,22.175855762563604,3.2610329342611917,3.2614058791116687,100.02910852514205,73.7314562515939,54.19831505980267,27.717011638342296,55.170566182546956,78.27800156814426,52.19952735253638,127.84115363584993
2617,22.65058680395976,19.90272814182911,16.786367065023953,21.874695790131163,8.152330374343816,6.5221846381236315,109.82173862602801,68.12836860234242,54.66213524310706,24.456080228553535,57.25095841744078,78.32892465062005,53.8040271354977,128.97004274102176
2618,24.238055931902313,24.457434655094666,18.59052749433688,24.23806627711509,8.15201987239971,8.152153482398177,109.82174499451253,68.73041597104783,52.63004823456716,21.196034869093033,52.097470167768,73.37000055408402,53.804100284921844,127.43503133901955
2619,23.05786868916391,20.879809023221995,19.014269535033925,18.5902068235089,4.892133654168083,3.261053113112969,113.42996551677923,64.91168337344646,51.06671292120877,24.510286872292664,51.066702054995,75.01774658844836,52.19950827345488,122.55347014445451
2620,23.344761112852776,24.238186565124117,19.834902817391743,24.07339781543971,9.782038548351956,3.6464554437651016,112.41797321773285,64.9314869892554,50.57021176355014,21.196002181247696,49.048642996604784,70.1090087668748,52.275038137241,127.68514398667118
2621,22.176537838299502,24.457372953130708,20.167337808556727,23.739481425669965,9.782009547474827,4.891540337318726,113.95589896887599,66.36956712987305,53.97691961369151,27.718016428158812,54.80807168242723,70.10900377335288,52.19853622295974,127.68516829247868
2622,25.310730229562036,23.172287326549316,19.013876643421174,18.590439827325277,4.8912988848754875,3.2611436413724233,118.07979400523624,61.2879248198364,51.55911810046055,27.76498456070745,53.10789027110407,73.36905074088766,50.649133315869925,121.04797807068218
2623,21.874690678503846,21.935208150363405,17.022776467826827,24.238147907068882,6.522345913237671,8.3135642619878,117.03927322466468,60.677987011255794,50.56937591294103,26.137948347441128,53.63094339120864,75.07086069754928,52.40286722001472,120.82917612353616
2624,22.650566060392954,24.238331179304385,16.6279054467959,24.833885038189287,4.892583238417963,9.918192702414366,121.68344906748541,59.28141316089743,48.47703351918228,26.13804263525668,52.63016085358973,75.15932654780312,50.963034307609675,120.82926493206426
2625,21.753036720682523,23.057359055754084,21.19548855390889,24.940303117280884,3.261297327348242,8.152056340265553,122.74963301772604,56.87906023898237,53.1085550273556,24.511330738584007,52.63004282324034,75.1594128449495,52.275861972777676,127.54981695181208
2626,20.62314921752736,25.469078530279127,19.63291831191115,26.339885503933676,8.152165509287013,3.646326079854172,121.19104502131006,56.10276264682067,53.63051680433943,24.45601017615298,52.630723222037595,70.18479904186233,52.276009315894456,124.08459516555504
2627,23.34433657988649,23.058752635961973,19.08404332314053,21.753164552794622,3.261072739446452,8.152013910905684,121.19104559297276,59.080182984237894,46.40326259945272,26.13793663972391,51.06673000698229,73.44146027137867,49.34579334668089,124.18093278324564
2628,22.709633639715847,25.468676723106157,22.175782100275242,25.31179467283984,9.782172386002797,6.523067647987841,119.11093111415241,62.915215470155644,52.50437198376417,27.909220622780552,54.8076076307995,75.01771074784311,50.77912879886811,122.67266942611847
2629,20.168063415765424,20.880104372780863,19.014737164693397,23.344377688914825,8.152180935835254,9.782009369476226,117.04021007463861,61.97835594383828,52.68084176383542,27.908174806360876,55.7218874248961,75.00003101189769,52.19950181594494,124.08455194295435
2630,21.874112798391035,19.901787407808968,19.013364441986603,24.073375763286407,6.52244679960275,8.313388669262599,111.88448090842563,65.72534280981618,52.68089739594771,26.13807122181246,53.631892963607974,76.648365076677,52.40280304106463,125.71334300672497
2631,23.344399650087958,23.514023490531056,18.229479958449943,21.752025889777883,4.891106059379636,2.305885558877737,111.4438900067319,67.8746845452544,54.19827110217437,26.087021936905014,55.170560618756,76.63000060321168,53.82968858510052,126.06071878512432
2632,24.073450564417335,19.902827697547817,16.058126523577563,23.344905396035347,9.782211987071209,8.152107063109499,110.88171699045898,70.24201642030445,52.630076892548814,24.457192139185192,54.662187698118565,76.64733438759693,53.80400273519006,129.17594488225154
2633,23.344946041839236,21.258683504788376,21.25847598533822,24.073378665575127,9.917029479142212,8.313383778486878,109.34915457623445,70.24109864574696,54.198286799255726,26.087135423024996,54.66225140932152,78.32891412241189,52.17402234293642,129.1760073643926
2634,22.175765006474982,21.258440663424185,21.258448550353254,24.23815670885971,3.2619470876764933,1.6301027013056524,105.36167880538021,76.64803898334586,52.63100062517434,22.826007296480956,52.09746442805268,78.27800478960242,55.53084307167826,129.30968776133682
2635,21.87467119281696,24.23837933769082,22.650834683077356,23.0577655089213,1.6310082038178058,8.152000116975023,94.08571255346112,83.58299160308549,47.98069634363845,19.632781995350555,50.01516185433529,75.0708612911363,55.435055661577984,129.17499670601097
2636,24.888166637748242,22.1774533710859,20.75239131199482,21.445417342862175,6.7220554984451075,3.2623719480783895,86.7964276595945,88.70563383373667,50.226918638268316,14.764326055022773,49.50670584531355,75.86340755126001,60.326282361517016,127.54973167162129
2637,25.52028575986504,21.753155369459503,20.752276571480667,25.779896952322428,5.8784398587774955,1.631005038286488,81.92905151435937,94.95765093926079,48.28446297729349,13.144638919585732,46.9445670433668,72.64117870301557,61.978573002941154,129.63717370529758
2638,27.717323257869015,17.561199837546006,20.75216983326184,26.341073882530377,10.311251001025983,3.6463754871139016,79.69127308550877,94.95859718987724,49.34591150021032,14.674013742902453,47.53525914588431,74.25236991178569,57.065056020314216,129.17598576679805
2639,21.258430063737038,21.44595067508759,21.935184754356165,18.229063621853953,3.2615511220792106,6.522856159211307,86.04255768783781,92.53352863591735,50.96234032527759,21.25881724168498,50.57030465898442,73.82060926695661,57.08830341052008,129.1749156114258
2640,24.072550567216666,19.83552101649171,19.633506869029418,21.258669587999016,4.891002868350129,5.157183054853081,84.60937275801601,93.73276587435623,49.34600168338013,22.884209027921727,49.66796688009262,70.4107238071667,53.80402109550947,127.34008189550055
2641,24.238057046974667,18.229396062889215,16.30429046860738,23.34439670217283,8.313406020970211,3.2614035948114664,84.61026143927563,94.52257370039976,54.662414047885584,27.764980241944258,53.233287280888476,72.03490187393383,52.402749701778376,125.807392290563
2642,20.624506284095315,16.058106812027873,18.446316495217783,26.34107290253582,8.15249510784329,3.261931466279474,85.42303246399165,92.94931287007901,57.3442742074879,27.909195579802184,53.3081493809814,73.82149002754372,53.90273234941358,127.26803701400003
2643,24.07250269908212,21.19558998525457,23.51457430668045,23.739736395086535,3.6457195605566186,9.783000003428464,88.18008022270072,87.8009915530284,54.198284479248585,29.34802407075727,54.19764960651915,76.70035464888123,52.17400177461627,129.1750061531454
2644,23.344368473789363,19.01353816874242,19.632786050340474,24.834174151426947,5.1561223782242775,3.2610753880087096,86.64376417613519,89.80730271518567,55.76914385894976,27.76596834733343,53.63173485723633,76.78692790448758,53.82868662347063,128.8452960818821
2645,26.9889149057253,19.0844226233066,17.636154871548005,16.627904980470532,9.916900988844374,4.893496465935268,95.41894862646568,83.55164016294374,55.17059024241997,27.71702502416203,55.45919566604401,76.6993754550558,55.45899927318478,130.5979049385834
2646,19.700883412177884,17.023147352813513,16.786968873864623,19.835007894478103,8.152557916468657,3.2614177973397025,96.4170228220865,80.43821823901973,52.6300410754629,24.456051906425326,53.107614156564324,78.6844311055914,53.804047649031325,130.52672126426216
2647,24.941337630600373,21.874572689089863,20.429833467811246,23.73947768874466,6.5221129028388205,8.152046498956977,96.41701257866625,80.43797554604527,53.779852134285356,24.456012926702215,55.17057571397901,76.64735649336016,48.94028638569639,129.17493832811866
2648,21.875463913204918,19.902871071680323,17.636195591822588,19.901698386117218,6.522653582110956,3.261453552037827,105.18559274020099,71.75789940259477,54.19766839205327,26.13796576739147,54.80817115372487,76.7869451276577,52.27481283614831,128.96897528320403
2649,21.752124618967784,19.90252408213837,19.014236798678727,24.83401975091467,4.892007013962318,3.261440210253157,104.16972369566221,71.18126405109838,52.63100157502034,26.13788347682471,53.6307865094292,78.32888821904862,52.17402177100752,129.30972565605276
2650,23.34415574870016,22.17642762567777,19.90271390261161,24.07336740180944,9.782063627861131,8.15204149401239,109.34915643209139,67.87389925981232,53.631709876089374,27.76597793738529,55.458390286183416,76.69936244596535,52.19851868698942,126.06172872997158
2651,22.651420222584775,18.589989936489168,15.467667570697493,19.700789072045414,5.155895066271246,3.261264375303719,110.88171820592497,66.60954038049073,55.17024415118614,26.087006706681304,56.94877699302789,76.90805327173277,52.17301227505003,126.06071033092104
2652,20.167085399904856,19.632894340973046,17.63559040624501,21.258501892926013,4.891237377529759,3.261032602523955,110.3411275248687,62.745406198877646,49.50767514349695,24.456038232786945,51.55888220474233,76.7859284486327,54.02592211045752,125.80743843614404
2653,21.753008623010828,20.880862552025906,17.63603471972464,20.167161921289015,8.152189728037724,6.522120444438978,114.5026452104149,63.44028189770186,50.0141087123483,24.45601459132749,54.80765346666756,75.01772053100456,52.402861515900625,124.43749678613943
2654,26.340823463569762,23.514615743214762,19.083167824331422,23.739477778559685,6.521135344109659,4.891370737255988,116.52816863216218,62.745222281260304,54.198270878649936,26.087000005202654,53.10884213022359,75.01771412351341,52.275811842095976,126.21973164533816
2655,24.94033219363867,20.879195704390224,19.013369585102055,21.875756885662323,3.2611058516437574,3.261000045876902,115.49638858834088,60.52480102295232,47.952426610157104,26.13790445200233,50.01547217155318,75.01771633739318,52.40283279063489,122.6737660337822
2656,25.780079695356207,24.456462671325863,19.083809743327066,24.940490603458972,4.891209194684806,3.261374667276999,115.11670442272784,62.74536969908643,52.63006653272151,22.826082088722323,51.0667123840292,70.10900519288693,52.19950585549721,129.46287674240463
2657,24.83380052149136,19.632812501818364,17.022010229913462,21.258440505319864,3.261028819881872,5.155574515890559,114.47914133607249,61.26673512217783,47.47882518962326,22.826130183990124,47.47870743835434,71.75752063519391,54.025949879168564,127.68520243165673
2658,24.23802869462874,20.880606669748865,17.561211401042026,21.258428847048535,1.6310200240107133,5.156578094024019,111.88385871234308,63.44097227865029,44.352487065906374,21.258759295132883,45.91392064100955,73.38710947898933,55.45896202289982,126.06082174963528
2659,21.44544398218481,20.880667272746955,19.014356889113216,24.07336704295284,6.522358833202593,8.313410643959779,105.72772607796765,70.01362432700154,49.50766660155858,22.82707383453869,52.097472313205515,75.00003933695119,57.088360521624736,124.08446979044787
2660,26.98892672972566,21.25847297281254,20.167204197798824,21.258437400771026,4.891041441038523,1.6301760597444637,105.7273941168897,73.67742500625317,44.35346392512094,14.764434754927823,44.35249515054088,71.73901898988589,58.696121173854586,129.06177642378552
2661,23.73948544710611,22.175414932480702,24.073380257791467,21.258502363153966,4.892037964747305,3.261010741610611,97.96199187361199,79.02196471508515,51.06671292690887,22.826109921839933,51.06669998309909,73.44244671513226,55.43500144675948,123.95595308096328
2662,23.34374647399137,17.6357532741509,15.467649428606594,19.701255039987313,3.6459816420470554,6.522814236947185,103.11779997308518,73.87518375852642,48.47639054630535,24.457004654657133,47.53527539038766,70.12797085502342,53.8287818981221,128.81431495146032
2663,21.753111146875575,23.51502392989438,21.753367495468417,25.779926815964767,9.782150414760991,8.313597018689425,102.66578617232658,75.10660250631332,45.91362712924786,16.38532075700589,45.91388553719349,66.8480098401249,53.80416844988154,128.81531550539287
2664,21.753209108447617,21.258668488690038,19.084572340243813,24.23803888392821,8.152272948331635,9.7830344514046,101.13916779397618,75.84551356407876,44.858929592129954,19.566006550957766,46.403282879625436,68.47800012984523,52.19855926884147,130.44518439252593
2665,25.31080268739501,24.887252748789297,21.75237227144957,23.73960240097178,9.78300182829183,4.891365352035073,101.13949155870328,77.30400014905186,45.09605544659705,14.674002926171452,45.913593244728496,66.84800231742454,55.45920769589252,128.84528117549607
2666,21.753485108318813,19.014220351735034,17.56119832153855,19.700755694330304,3.2612715537386316,6.522611488763006,97.96233140321635,76.64757272725923,47.47875490463037,22.884210304179653,46.40294853477872,68.47902126990962,55.434011594952416,128.80400189697224
2667,25.311876081049448,22.650517161421373,20.623478952471697,20.623490228685544,6.5211391328206,1.6300117230020112,98.48990768471626,76.64709267795105,45.913662921869104,16.304191272511005,45.91359126816025,68.47900045326777,60.34808691339744,127.17400079993418
2668,20.623711847428545,19.01344449681647,18.228744350131084,20.623428851100368,8.153407259916763,8.152330590443984,99.04154130707184,76.64847222975865,47.057070186913705,21.19600034009265,47.95209079971481,68.4984231027901,53.82874905136882,128.81532714866628
2669,22.70961835606685,21.258719918308376,19.013369283861444,22.65058154557842,9.918458220233632,8.313603326034732,102.66575062365897,77.50995957360367,50.01538711075538,21.19620520972796,50.56928046740796,73.3700000213259,53.80408858077077,130.4451982106424
2670,24.941329612012034,23.514024747938116,21.25844098495128,19.70091816966924,4.8911372388842445,3.261000374094452,99.51093811487323,75.15950588498995,50.622154841314426,19.565170406335948,50.622145649590514,73.38711579330892,57.06500026979235,123.9237533622
2671,23.057767813301027,24.887661316159864,24.07257473899565,25.52041591061879,11.413002811535675,3.646863852501371,106.29179338018982,70.78842918456232,49.04801119474676,16.304037111567432,51.55903988672813,73.38814097030344,57.06507923300234,124.18086836314588
2672,23.344757196754003,24.456692498496405,21.752983867310906,26.988914046205096,9.782115325940481,8.313623890832787,111.4435374389793,67.95267028699547,48.4769815280107,29.393286058676534,52.68083904489299,73.36900014151925,52.579946752189215,124.43755342214827
2673,26.34014599830181,24.45648623541238,21.444403758675122,24.238028019065926,9.78300299415861,3.6464296613147074,113.95590009861878,65.72460909858017,49.507721686050395,24.45600286365754,49.04868649953636,68.4790000876636,53.829721798206954,126.06082205023347
2674,22.176575955497597,25.780098749418567,22.176097908099948,23.344182422992045,9.782064892861868,6.521424548804057,115.49635991554578,64.93155887370199,51.06673339169666,19.565037313547883,51.17141771734002,68.49842505030036,55.45906086210701,127.84117556300123
2675,26.54154512211908,25.77978143140744,23.344346368926285,24.238564897226293,8.152191636278536,3.2612086520338064,119.63503872119261,61.52644021332472,44.353454379200585,16.386372184403616,44.8589259705204,71.75751550637169,55.816282487224804,121.19069752979551
2676,19.83490607594704,23.058121101231972,21.875037418367494,25.780305878846498,8.152169444922055,8.15277907479632,120.13384000890075,62.91469169433504,50.33223158807986,29.393281036819303,51.7913663346837,73.36901786615934,50.962067524623905,120.9271913063211
2677,24.238313672450463,21.935132492547208,16.62694512301675,24.834153032243748,3.2612549994632105,9.78206030720526,122.1959489319746,58.7867511699057,50.33227489468303,34.23909715056889,53.23371673116916,73.4424417156737,45.91341517871176,119.30092575006105
2678,25.31171351374482,25.46845642284789,24.23811767770232,25.780426401702595,5.155718529847142,3.2610036289806787,123.84853083545272,61.97846749445892,53.10853446007319,35.907061479032244,56.87818730705402,76.6483613648813,50.96203489861877,119.5681307907902
2679,25.778953937506632,25.779182864109625,21.75335044182979,21.752365013128326,8.1520336561269,3.2610121395671245,120.65162877400722,58.78632103203475,55.72177387336809,35.8690008089705,57.62137001619449,73.37000802780169,48.94017067349699,123.16053546555635
2680,23.344362805744428,20.752171385707562,20.42918866204375,25.311035734549197,3.261186406420796,9.782088962740048,122.74866416713614,57.64555634461007,52.68085282443515,29.528705867947785,56.94876896461331,76.64836151972969,50.96193635280483,122.6727849014307
2681,26.889980333864656,26.74179999955179,22.17697033808725,23.344771775940814,5.1559628757477585,3.645694886800203,119.63408607811873,61.526402450330515,50.01502310924318,27.718000749297,54.197648491756254,76.63102342658865,49.58777105162982,121.19172774941536
2682,22.884200372046756,25.77900414340368,23.34436426050645,20.623675080439966,9.783017258360342,3.645781758234596,116.68741368813775,62.08643161077564,53.108840760090146,22.82600739999006,54.19803562293965,71.73901460206983,52.19947905292636,127.54976192927289
2683,23.344206990344833,25.779163855155875,22.709747018406034,21.752167200364415,9.783000077826653,1.6302199918909672,112.92479239149587,64.93134132363984,47.952416334400226,21.196000131717543,51.17007985204518,70.10900288301954,54.197880424754935,127.43507245808911
2684,22.708679631275405,21.935930331695726,20.168339635779677,25.520270126764828,6.7232831054478455,9.918033927693749,109.82176348427481,64.16983886843558,53.30809474710755,28.14626061766853,54.807625820316865,76.63001531457387,52.274827659733596,123.95597690945297
2685,24.67247814420928,23.51401867210767,20.429667583679976,21.258536861320042,8.152095092099069,3.26101282288573,101.67701227018817,71.51715974555503,55.17056035995664,27.718041604713513,54.19830141979468,76.64737435417406,53.828691461073554,127.21582465880846
2686,22.709191110727712,18.59008549381165,18.229053251150898,24.072518465191713,3.261302957454912,8.152032933053132,105.58824832105192,71.51673973001618,56.31481469814925,28.145260200031956,55.170303549882576,78.41373603299226,52.2758191887806,128.8040094666339
2687,21.75331486005355,23.51464159687418,24.073367313375385,24.886879457469067,11.52895183189804,3.646586244787865,100.10973190948287,73.00668911861771,55.72213551726575,32.60901899303362,56.94868541691287,78.26100245936283,48.94015367828359,125.54402064729327
2688,24.67252404686933,25.779802201638518,21.19547334908007,22.708861490070948,8.152082678139722,3.2611372290796283,104.8182669968628,70.86291801535721,55.17057463186841,30.979000000678326,58.78535207121622,81.5210157508907,52.19852195648234,128.96903753404084
2689,24.94036570260833,21.93508264989586,15.46773942523086,19.083752025391707,4.891122057249812,3.2611987280759442,105.97886364316534,69.65230426305574,57.344272380268904,27.76495401011432,57.78218926399274,81.5220664642512,50.649110490368614,129.06174267918345
2690,23.344337196031642,19.633454417758553,18.22934227377392,21.258449652381742,3.646313851571346,6.522274210522653,105.97886168880449,68.12841220063538,55.17066938474912,26.13787753537047,56.22132673148182,79.90864867974864,52.19849044030419,127.26804459387273
2691,22.88414921344086,19.633511839620336,18.22853762819452,24.887554677953556,4.8920296039948,8.152062582883474,108.07685719365863,65.48151431337558,57.828235772200145,29.347133583558172,57.25188986827439,79.95849985601964,48.94015192534884,128.96905060793398
2692,24.673490528394655,21.935063129985537,19.013413027232744,22.650609289059837,9.782057489626993,1.631011224547855,112.3106890044874,62.97847420988658,54.66241871011572,29.393236132556513,57.252130013094096,81.52201242768842,50.57038848042485,127.54973869536792
2693,21.19539096881489,28.845637410891463,19.83499318187531,24.073383163067927,8.313610604036958,3.6461415779150794,111.94310979927978,61.461343288546935,57.25085106533497,31.362721853757762,58.44659928324042,80.04159239872857,45.76832411279271,122.38081880418453
2694,25.311933398707865,24.456400002363957,21.87432729268136,24.834207058181068,3.261159901390269,3.6457615268588457,116.72104636813759,60.59078268374233,55.17058103837887,27.765949281416788,58.786627571006576,83.16800770034664,50.64825431311213,129.06172961327727
2695,23.344242163322455,24.45645519141831,23.343638001092323,24.23813579348245,8.313363049086705,3.261424337138784,114.79232250247148,59.817343119207635,58.44659357936995,30.97902178141995,58.44568060219249,79.90762920416596,45.68112731487493,127.34114953332538
2696,26.341078683095493,26.54155972803835,18.229212968288238,20.42919320804049,4.891163669329538,4.891129122360213,117.07442926489155,59.102305641073606,54.66211412595453,29.52863454744795,56.71546145179456,78.27802199226956,49.156945663930856,120.92712103139552
2697,23.34437136419216,26.541543947244325,20.623627505604418,22.70999216622522,9.918038057846879,1.6320656674782095,119.91160119576804,56.94936422198836,56.71451747412409,27.764947236837408,57.25178898269401,83.16797877288778,47.31112034182984,129.1759707382965
2698,22.884384534500743,21.93509511844442,21.195509274788296,23.057836708072315,3.2610353220540493,8.152298827913501,119.29020461973518,54.807939017307625,55.72182962886914,27.71707313184854,56.714293081882,79.95752989335664,50.77913671234735,127.54986068576186
2699,22.709666291450628,27.76602789868665,19.632893348139213,24.83429306273125,6.723162092463328,5.157302696790335,123.10663564608207,53.30797561168858,55.72181181501835,32.77170118677021,58.44659358489017,78.3289251983649,46.115532145485304,127.3411405564751
2700,22.709627330266088,27.669309922291554,18.228108371105336,25.520438317825864,9.917884804300167,3.261138857644083,126.3035237627328,50.33393949961779,52.68088618987462,31.020907499710624,56.9486837990586,78.26102463098906,45.09594053228659,125.71229711696824
2701,20.6236573613936,25.468197939240213,19.632876129391363,24.83386319253387,6.5224266198096,3.2615140816553523,130.15936912661564,48.146976981656486,51.81611834342859,32.6488107898141,58.4456776955573,76.69938731069239,46.37413505110967,124.18092804249105
2702,22.17672510379138,29.029419463971458,21.257857876733496,25.780219041195217,6.723322194451475,3.6468306851326595,126.63021355431489,51.79078327978089,56.94868683859257,31.361774901226696,57.82855197025167,76.69935940086,47.53530625131559,127.4351361218227
2703,22.709706059625606,28.8460511097328,19.633057620258754,24.83459258770722,6.5227516098901,3.646760541500009,130.53619594392424,48.14697061467234,55.459210953841264,33.254923006198936,57.82854701037005,76.90706116202742,46.115550711289615,127.26817050817938
2704,24.673449299761312,27.13585000099003,18.589959324076258,24.940417914058457,4.891260711820745,8.15257762466049,131.10634887769757,46.144855182087454,54.19775024055922,27.76494668003381,58.26380887185493,76.7860063746858,51.196268681947984,122.45692597677923
2705,22.884307592367417,26.74126405129334,21.753003679491265,24.238467449520044,4.891134800224708,6.522552672724375,134.06337241077446,46.63239029430336,51.17115369537682,26.13793660713101,54.66213175119767,75.44173360740741,52.80614528563134,122.32658066225744
2706,22.70967214342148,27.76571092001217,19.565076085466572,23.74004466412842,5.1574880967291925,4.892449659044147,137.6150508107344,46.63174336721353,53.30809005869207,27.909226278515987,55.72179512434693,75.28310577304762,51.196198343622385,124.08477812050283
2707,21.445395292717308,30.32851668257951,19.632843875664683,23.739530482278834,8.313738832291744,3.2618286574251805,135.28662995854398,45.68190458957049,55.45961374495006,34.394854115259754,56.31519590353608,73.38813641957725,49.157091954710914,122.67371327723895
2708,19.836101872705786,26.541681694480687,17.935000000165292,25.52042872954156,6.522396838180263,3.2613440498728674,134.4493812820052,47.03000177555403,51.04053921925893,31.02089392904592,56.9486950472567,76.90804824336176,47.979657477317176,125.71342881502345
2709,25.779846286862252,25.779908821829668,16.304052537087244,22.709981660836444,6.521074557117807,9.91690318844364,136.87923702796365,42.797441780963155,52.680839906378154,29.393293020290205,56.22036039480368,75.07108426285467,48.2843388221381,119.56823006527888
2710,24.672486277069794,28.05096480884278,19.632865334663325,24.834232755491406,3.646258900914205,3.2614159746564306,137.2868543094248,47.61945587498003,55.45929484115906,32.770657677299646,58.44567380697013,73.82050249918449,47.3110875130395,119.56810779830329
2711,25.77983626937945,28.051048153747768,18.008931519426024,25.3112009303187,3.6457764138741617,9.782484588393663,140.7853046858126,41.56828213469044,54.19800009594769,29.752764440798483,54.198302261711056,70.27952374187353,49.345923394754976,119.73480718058174
2712,24.673884244575344,29.976153249352247,19.63300795767742,23.74025188988157,5.157114935822974,3.646167637241072,142.75387776792456,42.672800517159466,51.81657167037063,28.474981447069037,55.17055870852361,67.56015113600675,50.77909892344883,119.42357989735783
2713,24.51131228135652,28.52150680723123,19.565002433390188,24.073408826193457,4.891287281702455,6.72306417224318,144.2268639765111,41.56830787899373,46.02993132773739,26.1379416949522,52.63101044502564,75.44182162298691,51.48100523730305,124.29896184178048
2714,25.31145751810471,28.520927271505062,21.257632655868544,25.779371565504093,4.611949343992835,8.15267540097855,144.5305770341039,39.198343087120584,50.57035234906993,28.146271754106717,53.77961917113795,74.01922623727164,51.19632926943983,125.92387307391287
2715,25.31170700989743,27.136163480343427,19.63279823814122,26.989211686436743,3.6460596051787393,9.918441397494037,144.53058134354094,38.20190898086225,46.029068882190586,26.290130932617508,52.19978348824455,72.4028604623745,51.48207855994159,120.92748750525335
2716,24.51037945352724,27.135895160657153,19.63284436409243,26.989470653301954,6.522114669003116,9.918551587848308,146.1308465968855,36.96578224170159,46.028920033557505,26.137878240250227,52.19879984681104,69.1735107195422,49.881849563152244,119.56828625740518
2717,22.8843774543568,30.327746931731273,18.00905621317997,24.83511290466373,5.156474580998183,5.878511148328714,148.72761969186328,42.076482032437696,48.93970659600143,31.36197503382161,54.1983017344449,67.34329460212066,46.37413914313934,120.82925418979681
2718,25.310640949094964,29.029592636156817,18.008215729201027,26.98931621202553,4.612306845048467,3.261002853509355,151.9111943248085,39.43492787571059,47.02946475666938,34.58772608235796,54.1983198232206,67.34231824585454,51.8156327227559,119.12254907135346
2719,24.94130318281361,27.71699431931066,20.16741085554039,25.521089466469437,3.645937517366986,8.15229845160065,156.36038835681072,38.75523053703602,45.33161850717799,32.0328012903929,52.19983998809087,62.99872819230773,54.19827525513182,119.06582572404919
2720,25.311684106499804,27.71818761039445,21.7522470840373,29.16608668156852,9.917888599926966,6.9176826389571096,154.14341726482263,37.17928433809476,44.05233148924397,32.48583445564561,51.48191851388969,64.60318610479182,54.198281523823994,119.03339430076781
2721,22.884359319011093,29.930981156892166,18.22907306274855,30.63349094092283,3.645742517991245,8.780091452998956,159.24962263555622,31.150461797881633,45.095612421743375,30.062996592742152,43.90055631152999,53.40782006036019,53.63172987048082,117.67384874756262
2722,22.82605313150964,29.16605679205072,24.238015232775275,31.362619409361866,8.15203343522975,8.313369267094766,158.6810264696829,32.77172762299802,41.75977101989394,28.473999586629887,41.56827019855311,53.40775975512485,55.17059632515926,122.4569696348704
2723,22.884454745539067,30.63266313569619,20.623771532603442,31.489262200343106,3.645707246371291,8.152324230550109,159.55825424936688,36.20191747546312,45.330983898761346,29.752768932779443,42.32873327301869,55.00129907633124,54.1983391783168,124.18118741050982
2724,24.672465371130013,29.166173551120544,21.874124658349725,34.277747285372705,6.722983509345357,8.152000017359162,156.04564119973708,31.657251388417322,40.36699267669316,29.393511746251423,46.68825362167598,56.290867831502766,53.77985232518511,117.49295668705383
2725,24.511327124492542,29.166047494230273,18.22843086338006,35.60912325539965,6.722256242913995,9.783030743316527,157.95939361855395,36.016840149358,44.97759582757651,30.06374250696816,42.32884695765572,53.40796143449869,53.77987085240607,124.08453687204384
2726,22.826024943581963,29.392617621951008,21.195755705539913,30.45931423015567,3.646344878566626,6.722845162530747,155.7471478929968,36.20092928338553,45.3302734283196,25.310850590584423,43.50619273393654,56.597745348868486,55.170572657434406,122.32559441514525
2727,24.510260694711608,29.97580373222679,17.63620180567864,33.254074814628346,8.15241895741391,9.91805636924676,158.6810726249939,35.907022901370205,43.41375715076576,21.445395838110322,40.79362051013898,56.949102698103005,53.778654568198675,120.69614906704857
2728,24.456000520157357,28.14565307810703,20.429405527571205,36.63974303434048,5.878374881770056,8.313580885569086,158.42109249974317,36.2009657759703,40.49900409172261,19.70075465701441,40.89026565158142,56.948300122865874,53.77889791244265,115.80715808720036
2729,21.196000852049924,28.4735458317278,18.58986404224933,31.489484641179903,7.292037192003338,5.878455631354988,160.0318910936544,31.02086661848119,38.47952302686923,22.709753767313256,41.05349886825669,55.36277472404445,52.19882894859789,114.42200842824948
2730,24.457018239294026,27.331057086334294,17.636256045835115,37.922679971549464,6.722623088438144,7.291840109035932,158.68007724386595,29.528724699033138,38.47979259232427,22.17679464826081,42.8908434096442,56.59820961596426,51.06673380373637,114.54974246307663
2731,21.19500018481719,28.47434225487291,18.589244739902675,47.9525439426014,8.31347536593356,6.722602583140075,160.2891133813409,26.290102624871054,35.79569675389953,23.739802362453034,43.5052728430361,59.50511553608148,51.06671736445637,114.70034141698376
2732,22.884136971230514,29.165484526671747,19.70084694946712,39.400605640764276,9.917105398675554,5.877883090237469,160.5626010483743,29.752846757602384,41.76000308374891,27.33042981548812,46.6886954772055,58.19565081617158,51.81653254247936,114.69950691332939
2733,23.057763538431097,29.16593158813688,20.43009916678978,32.48575117936557,8.780081002551386,6.7226039683462595,160.56258533792052,28.14693576116764,40.760691644251665,26.34070043241385,48.2836220159268,59.79471451610506,52.1990895220134,114.87405098230161
2734,19.835034035009066,28.521419092320773,24.94081694384368,30.459156667852234,6.7227880378976606,5.155864194434282,157.40265349493583,29.753002802500905,41.5682859497286,26.290087003572776,44.352612233351095,59.05740403347169,47.057148990619,117.14225646284518
2735,23.057784639640523,29.1661982712626,22.709621574039932,31.65757828934106,5.156100685363037,6.522018259518263,156.19829484282423,29.975048689736376,44.501653882931414,24.51133081007167,44.352487725897035,65.72464984454245,51.815659167484974,118.51783710488027
2736,24.94131257466654,27.716934253271898,20.62342702758625,27.717188560005223,3.6466110582407967,8.313367737494637,154.61646132209603,33.01425444382469,45.30103217689206,26.137947614916122,45.91291183901324,65.2994814649128,51.8155892620445,119.92221710884601
2737,23.73949309942429,27.13611907181219,22.884251260090863,28.474594227277404,8.313376394948977,8.152075220482192,156.36040451646772,32.81170396378979,45.942413595176205,24.941475667698292,50.226934141607074,65.9475269865734,53.407825439817316,121.19086456580902
2738,21.19631382551984,28.520697088206404,20.168340280478766,30.634461001281522,9.917084380311767,10.311242757809946,150.93572258184685,33.92736385775287,42.39118090193459,24.51126821813034,47.05705008942872,65.72454954726861,50.622247649384256,119.56715295803939
2739,25.311481057043085,28.521769433583547,22.884216239750035,27.860926945591704,4.611863691793664,4.892090909925526,150.68060062425417,38.891507029932995,47.53529364012421,31.362747396246718,52.6310543781119,65.29950536170638,49.04832113442445,119.30095914650002
2740,24.94183299085586,24.45747977180645,21.257665594980924,27.861457264974884,4.891129922880825,9.783380072740464,147.5077390884967,39.266754476820005,49.77564341655508,33.611655529735444,53.63175329808782,63.67061164392136,46.1155295990156,117.57316880984155
2741,25.310605942410838,28.051295135445045,22.88426817539633,26.54177246261069,3.6462534645325597,9.782455323214604,146.31281843064383,41.568710315741875,51.790458072939366,31.65715784386716,54.19860678351599,65.29949708968117,49.15693586576594,117.79908308176952
2742,23.7400183479375,26.742342628797992,22.88431603851423,28.475151002323408,3.6464525161752848,8.152203413367504,146.31282356115,44.05242014951572,47.395818584251046,23.05776263594023,51.06670001616825,65.23745701128726,54.68600304444183,117.79797821257948
2743,24.67245628469329,28.05078779564179,18.00899879052384,28.474726273949635,8.152258497275508,11.528829723826913,144.33683966096322,39.1984345526247,43.9003903176651,24.51033581993721,45.913578463297014,68.78887957655836,50.22703070322517,121.19081122738054
2744,21.44548195049671,28.050977868482487,19.6329013303526,26.340885516282956,3.2610137069667138,3.6461355343810844,148.2976289137559,39.26731148664396,45.21381160743259,19.633031135562366,45.09497358859775,70.12697284891819,53.4077986111326,121.35521187811673
2745,25.310534988861857,26.290288700070153,21.257672432913452,27.71672699392335,3.6461662987906127,3.646218054412604,152.2694013474305,33.01501896100061,48.174093930113884,24.51026011457579,49.04805533254592,67.34323201454943,53.083384127850195,119.73468689106818
2746,22.88512880793169,24.456451425409423,21.25860789946816,28.474664184465173,8.152058558928527,5.155797706862009,154.76206452021194,32.11702171362035,44.53195642320279,23.34421294999696,50.62240473759265,64.33522888704795,54.419074148688814,118.11462062041056
2747,23.73951503460973,29.166058201698203,24.238385348000033,32.11580538954361,8.780047240500668,8.313375703414149,157.64783156327135,30.460190470155016,42.39091336045691,22.884282153249195,45.09475232215947,64.3342460536074,53.779679789973116,121.54120015214009
2748,22.88412896218724,29.930918859932795,24.67338890929417,31.4894387427471,8.152159167200105,8.313368162858282,159.2496226056308,29.75313933487844,40.85895165312504,23.739487388030287,44.77060672755092,61.11424086933925,53.083297434197505,116.49367514931264
2749,24.510286197456427,28.474360805944958,21.197314423294323,32.81209328368985,3.646193262125415,5.156731369916587,161.89854576708788,30.064548826252118,44.50203034547746,21.445418635877644,45.913575373852126,61.97753611351211,53.40770424390589,118.30468220421616
2750,24.511298244693567,27.717238533804117,22.175765052474734,31.361800427016856,6.521420655416997,9.783000100747024,157.35137621088833,28.145657789155095,41.15022230108446,25.310740071773168,49.048163410664195,62.49010438590075,52.20005655043878,116.49371989590355
2751,21.445385000107002,27.71807714645623,23.739257884899505,30.633894663044043,8.313381136780375,5.156550311757028,158.68102637001923,28.474639685270073,40.499014286250514,29.39346022926868,49.04817648498772,59.50574604794484,50.22691723132628,116.17382103138469
2752,23.34413058335682,26.98892131876722,20.167409103440548,30.633876719384318,4.611936661633192,8.313593944175082,158.95713541585744,31.14976519421977,44.76992514188788,31.149175876965742,51.06680331201083,60.524033376469646,51.06676530849617,123.1594103479928
2753,24.673446677882005,27.71722371507005,20.167180600623766,33.61188211727344,5.155542320129729,9.917040283746054,160.03187289472683,29.529236600123834,44.50240808422486,23.057780015769655,47.057062809463254,62.998505834084895,54.662150876877696,122.81363799947493
2754,21.25866394663829,26.290172332187183,23.057762366295265,28.474422629184666,8.313460831260093,8.152922801334258,155.46531999770988,29.75459675860336,38.65195292955122,17.560651448224416,45.09496553185313,62.14903346148016,53.77889495554627,117.94579583871815
2755,24.511349725741717,26.29035619050008,19.835117400249096,29.16603103910658,5.155983971565864,8.313428883956949,156.36039190967807,31.489357311995096,45.94230567436606,23.34532046510016,49.881752932031176,63.77490318696857,53.08215502385053,122.97579734235876
2756,21.195745375716886,27.136088918338274,15.03207710973104,26.988667819157293,3.2625070297401897,9.916889367846993,154.1434148758241,31.36199379017744,47.395696981056126,28.473998639685394,50.62225762178349,65.29955307354331,44.502386287245386,121.3551473986143
2757,25.778893261814957,27.136985615379526,19.834933595778956,26.988096439697305,6.72262272599055,8.152405642239833,147.73139254224142,38.480117224527405,43.900399247098434,22.88412592754309,47.478745764319626,65.94754356238673,50.622473064968986,120.92737536082734
2758,24.23802486443352,25.779133849631595,18.008982268949048,24.940698356576583,5.155584744953784,8.153089072741004,137.8174818378988,43.87187469199397,45.94234587820389,22.82619044556165,46.37423029108002,65.7246414964023,53.40786420192029,124.00974014609689
2759,22.177150261302774,24.457322278033004,14.674088143435705,25.779265713476526,8.314022480227505,9.918665504100115,140.72847391453593,43.87141364527714,48.858675436340725,26.541583561764437,52.1990710149409,67.8153478006753,51.81572085675954,120.66409825171631
2760,24.511329527831133,26.290231813783933,14.764455337601008,24.073432149667447,5.1568286038999585,8.15223642146109,140.98278141363582,40.36884887755934,50.359539314986634,32.03363271841485,53.10768187759663,66.92755724715025,46.115549196753626,120.6632861510579
2761,24.67347096327201,27.71769889196732,19.632900581594047,24.238101413677512,5.156002215789397,3.2614875183112626,139.54285962512702,40.49975673711171,49.7756351546967,34.5868390206738,56.31479081689853,72.20079869653276,44.769455843992205,119.12279277182856
2762,23.740550454228377,24.456669753416673,14.674003170413837,24.073385032267694,6.521086423773913,8.313493936701326,141.1627040992203,40.49990987622889,52.681210520297284,29.75287213377938,55.363379455088875,70.27944194498124,48.28459458122851,124.00963550915577
2763,22.884211454782516,27.135827790052698,18.00794190246345,25.520938363859234,8.152062971405634,6.723229766513202,144.22643138650423,34.893650829092124,51.55878119498933,27.331063402349535,53.77985345305328,71.9056701254022,50.96307480055608,124.29864927417837
2764,24.673453728755497,26.290156887530163,15.031200984895912,24.83452838840115,6.521359014130678,6.723289372085915,146.02206313961932,32.36437621435116,51.170292772998955,28.890953485331753,53.77986044405451,70.4118864098998,49.346934269320364,124.43780820786603
2765,22.826129391520805,26.341107214795965,13.144869063144892,24.833978769327327,4.892026269862471,3.6461361624800075,147.47093657259015,28.055073530717284,45.213419463981175,19.835889025779082,50.22709394385151,67.34341765075554,53.406791470926656,124.5978734307768
2766,24.45606487292872,26.989024670196855,15.03243105644335,24.073440453185228,5.1557858354475385,6.722627685789529,155.31095260613654,29.1680349705638,49.29210549808519,29.752791854625617,56.94881288548305,69.71045775510798,50.22687950276388,117.49436208573891
2767,22.884259600623626,28.474594690713307,16.786988965720962,23.515049800299447,5.155976089343377,7.291905698597686,155.4392381332456,29.395249111906523,53.407863584534944,37.178980910705,63.67076962828378,77.73341530443945,45.47741474468034,121.04826079915973
2768,23.057763244948543,27.71688769601784,16.627217004879938,25.520810657748516,8.313362982275986,5.15548247374474,155.5855331709847,24.460949170975084,60.67771496611531,37.1803298969723,62.085060622891305,86.04369474215403,44.2918775000355,126.39891771987614
2769,21.44538771396483,24.888246717079227,16.386343678379543,26.74110570085775,9.782033508673672,5.155558435882638,158.45524287331702,24.890787348826148,61.04857708130137,40.33447604084551,62.49043670032173,84.43721213579637,46.11560168704328,126.06198615837462
2770,18.22892652440609,26.989220718921267,17.560111760749155,24.455845162742097,8.780120273414568,5.156845740663259,158.22762025183957,20.88488482352734,60.14984754654657,38.755205512967365,67.22509568570355,88.25468201575768,43.16772667578897,124.08469258809588
2771,18.589996326992743,29.16613584980429,15.467697828978102,25.520747402111574,9.50680726807147,8.31340968038721,156.65785431123408,27.673451633829995,54.80767323909053,33.611558420444716,65.64428592811497,81.87956996896426,49.88253175987362,122.67411436905196
2772,22.884227771459035,24.238032950408755,13.144822027750077,24.23823036762288,5.155880366452385,2.305949164686004,155.3109718949841,29.03111712025569,55.17069508355809,38.75509198006626,62.93566234403336,81.87942102178934,50.780102712442385,124.0857744010102
2773,22.82602031555472,29.166100675318503,15.468049472426145,25.520428075379655,6.5223588436921265,5.1569643774314,157.2083433023216,30.065897391443453,59.28237898296921,39.97112137184822,66.06792576837233,82.31711423217503,51.815571560693186,124.43777258140827
2774,22.826008590176468,29.166065292609073,14.764484612325607,26.34118946412018,5.156366748651755,3.6462729530369353,157.74018202062763,32.364417363457754,56.784953097503234,40.761405005715915,66.06792587258691,79.08890241053099,50.22688147971605,122.6738823194169
2775,24.511344052297975,27.717776598599244,18.00804859334278,26.341195460611576,5.878418436719959,5.1565540171320325,159.16570348505954,33.928602044500515,54.783331020340555,40.760440350397786,65.48142337604554,78.02260798972075,53.77962927832474,119.03343001155474
2776,22.884372180335635,27.717337309238065,15.468007773261062,22.650729915786467,3.6456854299843457,8.31338858728646,159.16573281370657,26.29265735449437,54.78358769341868,43.16774533557073,66.0273096015398,77.47641428313706,49.58766670486553,124.77904561338906
2777,23.05786279457024,28.520912251961718,19.70116307520004,27.718104908090943,9.917891130281744,5.155810290428081,159.3576000736075,21.876370020144023,55.5301980803919,41.91859012419873,66.0270821080968,75.44201237320532,53.77963881428567,123.36520738089509
2778,22.88417485375614,27.717218217314098,17.021977182187616,25.520274461097838,6.722160545899025,4.892000192674722,166.24850281595786,25.52163713705848,53.233396490158285,50.62215041760199,61.26660570700837,67.5602105510737,52.80720290266226,123.1606297399002
2779,23.739478114245866,28.52159910797035,19.83477144676048,27.718136572536817,8.31356692434738,8.31365332308244,164.63307569013554,25.52128712589106,54.784153612061004,50.22689855099325,61.266441184792185,67.02696543309722,49.58771113541134,124.77914502813859
2780,21.258697403805677,26.289787380829452,19.632870771679723,26.988945289369145,8.152010601293883,8.313516973050621,158.42123628725977,29.167133132869463,51.197241776590246,38.06275724868116,58.78551611392126,70.27873047543783,54.68617307695537,121.19172134225188
2781,23.057727962507997,28.521608176899143,15.468135340279412,23.514440029721335,9.507658831988453,5.878606304861318,155.4653227123065,25.4703846581397,52.57983040091513,36.20205509036227,56.94887684291602,70.27843649345942,52.80603252278952,124.1065799199182
2782,21.25858760117579,28.521514252020754,16.05823555147397,21.87571672249672,9.91802740204525,8.313386721256368,155.46533896833765,31.320568234925027,52.58068533424221,37.81766255851927,59.348777179164784,71.81313175388708,46.37413987671327,121.74896215804911
2783,22.884190694771082,26.29023926329722,16.385406560504507,24.834151561222363,6.722189945748612,8.313813204540963,156.56390370991005,28.848248941316683,56.15026667719415,38.37605323861833,61.461828669010515,76.64742474158125,42.4223370461845,128.67058484869048
2784,24.510365171467562,27.71729867103212,15.4681201958383,21.196414465534655,9.918001203651132,9.917863834291897,153.3394793135946,28.84806035870155,53.97692020691275,36.20207512975038,56.71451080644432,73.44252273811968,44.50160296789517,122.22924993889019
2785,21.258676122677244,27.71675372299222,14.76436727936891,23.343856605272425,9.783011302591865,8.152000000382833,159.7907497910511,29.03217790746192,55.45919827305229,33.612861621529625,56.715452237296454,71.81312044540589,47.39534024864607,127.31986812282415
2786,24.45709922478321,27.71722050206337,16.05830187043308,24.073600057491085,5.878552160200769,5.15643157681749,161.6429272632273,24.890554569674794,52.579814615338435,37.81779059055375,58.445716680059306,72.03496225683774,41.56720740445797,121.74878672208416
2787,19.632914349675367,29.166055290088153,16.058998315336193,23.34436722281273,8.313563971608389,9.917862894685284,158.68102897834356,29.93296776492779,51.170999405505505,33.25483086154097,56.22104046727906,67.02679112348115,49.345905141819536,126.8187734724855
2788,22.884280042237222,29.16657421736437,16.058471924031704,22.651681663370656,10.310972403596113,9.91704699707655,160.2890808218706,29.168016432817744,48.1463720011886,32.973866634095664,56.715521606452484,71.90561462237544,44.502714097564805,121.74883013239598
2789,24.940285022533036,28.52093813221229,18.22905248794782,25.52102540581969,8.313411658428848,10.312323636698167,156.80982082460284,29.932515858595167,46.02905049247048,26.137892809225523,49.04902475690623,72.20076256932578,50.963204342615995,121.5414475037038
2790,21.44539391799753,28.520640988237336,15.46791097029722,22.651135796106033,8.313451169872158,5.156870603345507,150.64591521853748,34.664935457924685,44.53227391023736,19.63293444212159,47.47895431207489,71.81314178645235,52.80710380648003,122.97599918148904
2791,23.0578452456447,25.779993658826303,16.3854025151897,24.83426867164096,5.155697864584536,9.782449907482203,147.43527519132746,38.064423692778675,46.40327506506852,19.633208994275478,51.815580243448096,68.96170854170941,53.083086252421005,126.2198784476651
2792,24.94126913397336,27.1359145674861,16.30510682204938,25.77929162957161,5.156090039195311,8.152946848287426,143.6728603124406,40.50001025456056,50.56945750783848,23.057696356082428,51.81654892665493,69.42259454404764,54.02593952210616,127.54999517248093
2793,24.673614119520895,24.457402674599056,14.674048146578345,26.29008277341344,6.521168747208467,9.918349399012952,145.5483513327934,39.19906199022485,47.53525802739363,23.05806832146009,51.815560952969356,74.01954684554605,51.480894511872826,125.80860654219556
2794,24.511439104227247,29.393444089690703,18.007965603858974,24.833918228272406,5.156775862683551,3.261481777850239,144.80599001983222,41.50532508356158,46.68848478581097,19.632783877350683,47.98077461744321,73.82150246492955,54.687201642839845,127.34156578849063
2795,24.672631522045975,29.393175806474478,16.304342976903886,24.238343676259746,5.878494913594526,3.261588994389722,138.8461489949884,41.569123810521326,51.17052159671634,22.8852095531377,51.19719557050823,66.92749918724263,54.19791010906252,127.34136606347336
2796,24.5103265062878,28.52144012656554,15.032008540244485,24.072560240613562,9.782029653164754,8.313672319244366,145.54757713720974,40.369331054528274,44.53142935482439,16.305003382152492,48.283279238796574,71.90556360634137,54.68628068997034,127.34144779154352
2797,24.51033034147555,26.290201710972006,14.764260281649129,25.520526293264066,8.31360549803764,9.91711841193841,145.2824071880916,39.267452585178255,43.900794194791985,18.00916140672064,48.283291461841415,74.01845249045704,56.29162568655733,125.6394177075835
2798,24.510365198174924,24.45645404385921,16.385319089722543,24.888349437454373,6.522237305999347,7.291986490755467,144.2268657508009,40.36954089231639,44.532300614636235,16.385441880607555,46.68948989999855,68.96163940283736,56.29147167909116,122.67295670890806
2799,26.889694133554276,28.521504983945558,17.935071198277864,24.238553027848855,5.15586414292543,4.8923689527655405,139.41838253941697,42.67449333020138,48.47645827394239,18.228086522211367,50.22688921617679,65.72553439343415,55.650447048756185,127.55003996953113
2800,26.541555994985433,29.393314892686558,19.632888064587963,25.520492655676037,3.646157846584421,6.521505260879842,139.41836392321215,43.871817028215695,49.50679530098687,21.445275245005043,50.22689428479552,69.17316229247417,55.81736619345569,127.43527968749392
2801,25.779891977215154,26.741381360741638,17.93503283694792,24.833840212628576,1.6311871247190168,8.152446190920113,139.7335097551853,42.79691877343572,47.952387254872185,23.05795217536911,52.198812607502866,70.27854385867694,54.419051207140726,121.19081780523838
2802,24.67245957752118,25.36392025216156,18.229052678056636,21.875511630720105,8.152237130263185,4.89125211115939,133.34737566946043,46.631849612631186,50.014542395793775,21.257729315187007,50.62218680577013,67.02677424374825,56.29145266122579,122.55361114066348
2803,26.889693866807566,26.541544120846968,16.386608525823796,22.709344505366566,6.723189528478618,3.261181605040749,132.10519257443534,45.33122169341376,46.029468918209474,24.51025984051611,49.04924986384396,66.92749725050996,56.59769566543178,120.92819842649244
2804,22.709592522153628,27.669197263260507,19.632866183668675,25.77930367849759,9.782042838921717,4.892448807206488,129.30847533029265,47.395247336653554,43.90124634863904,23.057796436477847,47.47869236138393,67.34231779157946,56.29046256154737,122.55466673916717
2805,24.941288044203716,25.46845714207357,14.764534653673318,20.42972331498422,6.723171902071561,4.891002531237966,128.92772004526387,50.22758729304667,47.39435746983379,24.510327047258453,49.50769891667069,68.49743019595088,56.29144625963528,123.95608627396594
2806,24.94176154335935,24.45753553464293,14.764364630719376,24.072654198196116,4.891289845174194,10.31223146057068,134.94321398008398,48.47597732320002,46.68915230800914,26.29005642548591,51.55873031456087,66.92650841903335,56.031234553005625,123.95605525472898
2807,24.51034472668081,27.135819285689905,14.764385966728955,19.700938871705628,8.152349809805864,6.522050422782385,134.31131231723413,44.35272138827873,48.39421417500339,34.39399353000933,58.44659472606808,70.78813190767484,49.88175397282941,125.5537099177571
2808,25.310842553110636,24.457382401555815,14.764336543897777,21.258585254253312,6.522161753004645,6.722685880371317,130.81093602532678,47.029138111565345,55.43476550153042,38.375840244757164,58.44659575028093,72.20078401294045,47.72979292479208,122.32661804149272
2809,22.88440939681069,23.058065015172055,14.764304765430992,21.875455735496423,6.723244780795146,8.152110837083839,131.10615963330505,47.029051369350675,52.58068078178758,36.20110383403479,59.95052550416344,75.28308028457921,46.37418083039491,127.26822458080558
2810,21.753240538591932,26.541726132033574,16.38527876994835,25.520368344478143,9.782006342122287,3.261402965793886,128.22471071395756,49.77602924633998,52.09755340300757,29.752766626204796,56.22032479193024,76.69938273825349,47.73069640230353,129.0618201057152
2811,22.175562816481573,27.765901172653663,19.835040230966207,24.23836390807689,6.722874692347082,4.892236247425628,123.79571291503991,54.68690215911742,55.45921726961477,31.656962798752527,58.446599211453474,76.78599214973794,47.534470935274555,128.96912088493352
2812,23.740022672529108,23.17338711334034,14.764261158523647,24.073456337732694,3.261074142073404,8.313363224389077,128.92867836459163,52.02127747687617,55.7218193500467,26.541916037395584,55.77017119479429,80.0405847814878,52.57996995295313,129.06181349946462
2813,22.884523992217932,24.239145666859102,19.835060858210134,24.238048046973496,4.892092834262592,8.152310708052394,129.82204246445968,50.64849753062587,58.44660255572125,31.149286729241418,60.87436787651191,80.30586436529782,47.97960985948185,128.96911149372843
2814,24.510328525607846,24.23875846922221,17.560103461360764,20.62358318661664,8.1522649556474,6.52216757244161,129.50437210007533,51.79136591763699,56.71453040134246,27.76592424721716,62.085045216813526,79.95857945242032,49.58770291800273,127.54883089282103
2815,25.77888818813421,25.77905381986324,14.674087499930765,21.258639326123927,6.722754060748959,6.522005656858931,126.30453029088342,54.68708431758128,56.715451994065916,28.14622697184519,57.344303079921914,84.92398890032138,50.6481117615965,129.0628010416772
2816,22.82625353693031,27.13585998946857,18.228068410888067,22.709051141436973,4.89201153610408,3.2617972476487798,130.28246319481934,46.71737191075408,57.6217938435319,33.2539774574753,60.32581169968649,80.48777041241391,46.11540878720846,128.84638297717032
2817,23.34433338219239,29.029270118378054,16.38631728573874,21.258715824448952,8.779970072433944,3.6457535761157995,133.06762425869093,50.35938591850951,57.62137052762325,31.149231286471476,59.817995867771096,82.31608509445097,48.284340701501044,128.81443098125942
2818,24.673448595397627,28.52143902966969,14.764470040490119,22.176773331407905,9.918051063006294,8.15201228577391,133.75597122712102,46.14438347700267,54.19860825176775,26.13789869805573,58.53660942084569,78.68449840002478,51.815555608172744,128.8463671779643
2819,24.45726465558417,24.456491002555786,16.304008419151412,23.3448652727716,3.2610401545349235,3.646546547393086,139.36170449254072,44.05245560136271,52.5043662618248,18.590045506855137,50.78019284191563,72.91510284816931,53.77888998716265,132.10538109942738
2820,24.511490801542113,29.393535406128468,16.305192060800763,20.430395330178982,7.292184297375079,3.6461665880111767,131.25783499580714,45.302687857366855,55.43476530781526,31.020932678718808,62.49064022203932,79.08889708875773,45.477401122802945,128.81543286231152
2821,24.4560018118947,27.13583658288324,18.008919382649147,25.520284316825283,8.152308355246735,9.782082142761967,136.30464890515458,45.30249873474733,60.52405543958456,35.196440258115416,60.91763473991476,86.79667513540696,46.11542986050418,128.8463299077521
2822,24.457350971653238,25.78001788524318,16.304108872731685,22.65060614282002,5.156726774517441,3.646515592749339,134.49887307362397,45.41888135446605,60.52494521405174,40.33416001551996,65.09566837960702,86.79683008904883,46.37441215473608,125.58543540893317
2823,24.511299666491965,25.779921766475738,14.67400129043593,21.258459832505373,8.15207404376492,6.522116287587096,135.6296101511684,47.53565884286079,63.503404289092785,38.37584770940851,65.48236611227149,88.58575950250867,44.29298707755245,127.34117955171223
2824,22.884328242453595,30.0635609789392,16.386437726775025,20.623544479670876,8.313413960775968,3.2610277082921506,133.5063958865205,44.502848938998966,65.62337533225991,45.913438017726286,67.55987997399167,83.726533245611,43.167801956516364,128.89789350523068
2825,26.138291913328455,30.32790243405101,17.934471310869437,23.34481854590812,5.878713903435085,3.6458918272625893,133.27726280353804,45.301431162872575,64.91154703174519,40.890240641896746,67.55984644511409,83.93166255034443,48.64093137154741,128.84633716991235
2826,24.510683606860113,29.39428522268587,18.00819908024573,23.34511183892892,4.611772600486858,4.892019972533247,133.2782543022383,44.50228896613083,63.44055332845318,37.64152169453813,67.55985139013022,83.55070779695964,43.90050501673098,128.89691588506147
2827,24.457313377975115,27.76600438784454,16.305206515101126,19.90210039694295,6.723034261256158,3.261000042099993,136.30461989622938,47.3957801751169,59.795565596716074,38.06279408873898,66.02801257990852,87.16361014304849,47.729847639894224,128.8453705814831
2828,21.257775908248632,29.3933493373593,14.674158155091568,19.701142709964888,8.780073921243506,3.261003693414676,131.2578729899372,46.71801774897776,64.23203636356865,36.01798545106181,66.02801590935631,85.54776393810656,45.0947458136883,130.4758823251087
2829,21.444748955977534,26.54105561328706,14.674124842078296,19.90183081354435,9.917045478199423,3.2610439367147688,131.25787394917845,48.4767945270474,59.794678141555124,36.784680193702634,64.50003545968715,88.5859127681694,46.115613453075106,128.89794792513854
2830,24.51125824868653,27.135849794743752,18.229100240592913,20.167122680880002,5.156879192083532,6.521041740567488,128.43243705110754,52.09788707958991,66.02799826826154,34.27794653055342,65.64421611372578,86.79676248835372,46.68846566957671,132.3163958989788
2831,22.884365807987816,24.45663086465963,14.764376045631252,21.874560209872133,4.891339146368936,8.15201975994911,128.6703404957534,48.17455724646766,62.74511225027193,34.854805893151855,62.93564816322551,90.0438706073212,45.91335500081245,129.06275773358988
2832,23.344680347166385,27.765340433814643,17.934197752015532,22.650673694837447,8.313920562864734,3.261259281493754,124.77886366656021,50.57039394072783,61.97845358036272,38.37584018582853,66.60908537271702,90.04388276719556,44.142688433252786,128.9691434468786
2833,20.167128914491734,28.05087036039593,16.304443047170153,20.429904918313493,10.3113082290953,3.6456856116835064,128.01786604552836,52.09835439525638,64.23202707909816,36.01793766987735,67.55987864444498,88.5848194326819,46.11563365015414,130.6896561210672
2834,22.88464007212665,26.74158788870407,16.3041683693838,22.650810747198634,4.6118917405560715,3.6466184743068055,129.46270227438882,49.04906352886628,61.97799829342412,39.971118094443156,67.55991060801965,90.04385057150888,42.8898825805046,130.59803357272455
2835,22.884403544147634,28.051087555608568,16.30436405359081,21.259023782265114,8.152409094357916,3.645700857479278,131.08552657743255,49.049212923277565,66.39002220300898,36.20193838280383,69.0971380876258,92.01558188147928,48.284327203111374,128.89691286442275
2836,21.196142290698962,28.05079097417756,15.03199200222382,17.56013970121648,8.313456707863988,6.522069402248387,131.08553087958686,47.3951017509218,61.97716112375607,36.78490494266127,64.50002285926917,90.39742034549646,47.73057676914795,130.52677160421626
2837,22.826252759846465,25.78005215510899,14.674238680525281,19.902861052478272,8.313973198686899,5.155603253172337,129.46283136995575,50.33371047734794,63.441008024550044,36.20194269801943,69.09619284087785,88.58580852203373,45.09501176083681,127.34023517584389
2838,22.82629100111538,26.741994508938507,16.304038305185717,22.650633274311872,3.2610042035692253,3.2614102132476614,132.70761907318473,46.02951449496689,61.26639845253338,36.783722744982036,63.42039689409237,88.58589821682298,44.502521774916666,130.59802360244873
2839,22.8261378140009,28.520710393834573,16.385420626051918,23.739518925312368,3.646305755186259,3.261596257014218,132.87774593987695,43.90151537922736,62.74513624086183,34.58694875851801,62.93562021473325,88.42059186539491,44.76954374288891,130.68953721118496
2840,22.884200568095807,25.779084667179333,16.305034410144746,24.0734501242269,6.5222724619151435,8.152248482627284,139.05615256685715,42.39249179987524,61.266392407221836,33.61254130107128,65.6439410502939,90.61781865738561,46.11553330843659,130.52571621796434
2841,21.257821457606035,28.521591035964317,14.674217891291118,18.230094540411052,9.506765479579347,3.261004216424161,134.3307608431356,42.39300787040976,66.38912280224193,37.64153634362148,67.02669903003238,88.58577825254186,41.91856856453024,129.06285040327177
2842,24.51145891680743,28.52163778225929,14.674331207331507,22.708951714413406,4.6117531841859165,3.262064641024938,137.43073039507638,38.75609983627097,64.23110358505245,37.64152303286413,67.63886482381332,85.54774488817928,42.3277009666251,129.0617729272241
2843,24.511259589700636,29.166525819390994,16.304215687069867,25.31159051087406,5.878955920503655,3.262224366618758,143.93121632967646,36.45989081557337,61.28768802713982,37.81769871366643,63.41937204197409,89.00493819380559,41.56722124958059,124.29872200359112
2844,24.510366640218926,29.166122046134273,14.764634032022881,19.902975672549303,7.291846471439773,4.8920621688169,145.69401539474933,35.90774194082286,59.07974432451392,37.641911081813234,65.48142262347639,86.04366230780987,46.115674521602784,124.0856717367248
2845,22.82611677220131,26.289915234083395,14.765003436461512,20.167685587156488,6.723206913579328,4.8920018210178045,150.56601482485033,33.455023907677244,59.860966730075134,38.06293500532615,67.02673154919144,87.65011583471193,47.98061353302647,122.38101679586751
2846,24.45600494934688,28.47444536512498,15.032192912143277,23.34495239650165,5.879704026481669,3.261546060137705,145.6940049724164,32.15840963262758,59.861769144506006,39.19829833178031,68.08856657938692,85.77975850474884,43.16789568923793,127.54985987796091
2847,21.25869254479789,29.166535653197585,14.764511841316788,19.084304651090232,8.780152580442113,5.156736490674061,143.93220837754967,38.029063420240576,59.7946790113716,37.18016406274143,66.02801375673462,88.77971562474087,44.29292333613806,125.80757163569898
2848,24.51038663841927,29.392730777066934,16.304323863479407,23.73997298520491,6.91696930808637,3.26231334387121,139.05618718085208,40.89220254917464,65.72489776907724,36.201938841505395,67.02637356586304,88.5857811420344,45.094961560618195,129.0627937355668
2849,24.511352026549677,28.521605029934843,14.674088573748774,22.17676057038927,8.313816805816696,8.15209678038293,137.04336962029842,41.24845104992146,62.72440453724021,35.60933214527499,65.2582020488078,90.61770270649392,44.292874815477994,127.18455933063278
2850,21.25865918638619,27.716821339395956,14.674131690162229,21.195451027460624,9.917874313370188,8.152046844105884,130.5266713467023,43.322964928734926,64.91027354798491,33.61260876233967,67.2250841975743,92.23214617874676,47.730689846019715,128.96914690286638
2851,21.444607307985876,25.780063327952192,14.674244897414086,24.072487588988906,8.313867451156277,8.152091537232927,127.26804442759142,53.63231000991844,69.36525946870205,31.361963195698717,67.2240895582017,95.69675818387219,49.88255898894373,132.0751343587063
2852,21.258647234337985,23.515187110753104,18.008917931458324,23.344761957692246,10.312451137945539,8.152142027138682,115.76100050865975,57.34470783554623,69.36524924770919,34.043801840050826,66.50945565600566,92.475702686269,46.375293361553176,135.36530357169116
2853,24.457003482205327,23.514603883940808,15.032065537686293,23.514025997733697,5.1569494246394765,6.521020831839843,107.62145219251494,66.52956366474574,63.44149380179163,36.20192138426471,66.84845267084191,93.0488364114709,45.47739860217265,131.0855506172206
2854,24.673504076902056,24.456438406459906,16.385445185465763,21.935132176997165,5.155910309734371,3.6457481598508887,104.34803671967954,70.1271584840782,63.50335229449893,36.458006591381626,63.671022166477734,93.04882972221172,47.05706844758425,134.32974233073318
2855,23.34426042759374,24.888164806285122,18.228147336536992,20.879182715356514,7.291342880030759,3.646338409282532,102.71703014699074,76.3702274316404,64.3138855989893,38.06295725820183,66.20811002902516,91.78353535295446,45.477446601467506,136.30472958871317
2856,22.826009582909077,20.880703429112295,16.058229785912513,24.887552448281397,5.155677075151385,9.782000032062195,96.196000085382,78.88691211321574,68.57531048297841,34.548570753532566,66.20812551875593,91.44993477657074,51.19731433320656,132.41721222730098
2857,23.058005663052686,19.63349770069357,15.46792290650564,21.934388029386533,5.155854192061795,3.645753142151035,102.72995601803898,74.25212381836882,62.08471597215552,36.0179270376162,64.91112529881421,91.449935991014,48.64094946822138,131.89422687944463
2858,24.510585964803514,20.752444108181717,19.014824475536358,22.176219265272525,3.261283845777481,2.3060084881725595,105.9915758849994,70.03283053168784,64.17041166437889,36.01693067939703,68.1085591115631,92.74831890844737,50.62216811159686,134.1812697417132
2859,24.510334279843963,25.468848334325955,20.62347559303195,20.623139001145493,2.305935577786179,1.630291534940909,115.8069813963196,63.31585557261589,68.55551562947886,37.53546088226872,66.8474808273731,94.0863814000022,42.328663272329074,130.47577753947064
2860,23.344257878536222,24.887724334399188,14.764494214306168,21.258454032993566,7.292338023500859,3.261310983541612,119.20051920108831,55.00325029587695,67.87458058294706,32.77165064862742,68.57592835120383,96.54082918724585,45.09572568188719,133.85399180565193
2861,24.511258220186768,24.456404143020556,19.699841237923057,23.34418751507308,6.722240630540013,8.152480906165973,122.38077672425737,50.62283745132147,62.72435838916821,37.18017998944369,65.64396908986659,90.61764524832425,42.672263467035535,128.81533915400243
2862,21.753004673021966,24.88775564276706,14.674090997935217,22.650514726967444,10.311263912484133,8.152017335809873,127.26804457741949,52.631550879758414,68.55545975750206,36.01697423162349,68.80776661881514,90.39740836765104,43.50622148495673,132.07511455815225
2863,21.25870384014691,26.290164779932425,15.032275598912076,20.16814592546268,8.31339510734145,6.521026715138974,130.68950027298487,44.53281811322547,63.503395330478824,38.75509155129034,67.63817370554969,90.39743894309295,45.09576162530584,128.81437943156047
2864,21.445389022900866,28.520620959655673,14.764293422123808,21.752105942858048,10.312194760274881,8.313374833459676,130.68949724267884,46.68851781085745,65.1563578915375,40.335131741755966,68.43961967504357,90.61762484759664,43.16799166782859,130.44524172483358
2865,23.05777777766591,27.717810165290114,16.386372086384604,23.739335946112117,9.916967112770644,8.152392336020132,130.59795453109368,44.53257478239873,62.91437421588042,40.760441100175846,66.06769001833395,89.00501971574774,43.90063023627745,128.8979051580533
2866,21.752079774017826,27.71826780831054,16.304058283875953,20.6238342113106,8.779879143129518,8.152013257398734,130.80136215889542,46.717400212301015,65.58374820518014,40.33416829816872,65.25820201796866,87.65009764195408,46.40326248397487,128.97008568976005
2867,23.057858857651155,28.52150592986773,14.674010971344384,20.430358787362355,7.291907635237943,6.7216324988223795,131.08550709065,48.94002139665489,65.58375925472654,43.9014686640988,67.22505977961723,87.93770172521737,45.913004993227844,127.43504211420658
2868,24.510326462741013,26.289825923605424,19.565113786853605,24.940700010537473,5.879262237911225,3.2619795285004147,132.42685899597402,45.94295497729864,65.21721140180593,48.63994387379456,69.21213296790697,87.93788023385427,44.35250463184879,122.38085050498175
2869,21.44574035494232,25.779887022444463,14.76443464642367,20.62470510715889,8.313914175920287,8.313561114733002,132.70751395238594,47.95281905703668,64.930520358226,45.91386907986765,69.65239534675156,85.81081290664402,49.048154955139516,124.29860260934916
2870,23.05791284402406,27.7177839875514,16.386277359617992,20.623864264456433,8.152267580793987,4.8920045416533,132.87774548397257,44.35334803961521,64.93130785700077,49.04900030383066,70.63674011499963,83.83608052437157,49.04847272740126,119.20056227218844
2871,20.16713774402113,26.290424568230122,13.144603724313084,19.08373071726556,10.311503041893387,8.152014429222005,131.45004621566568,43.04491464244493,54.78400660310994,41.24780114802747,59.8170442576347,69.70964316183357,55.721019748068805,122.38077810480554
2872,21.2586070708148,27.135937227367034,14.67406047310639,21.25896703799363,9.918079779373397,8.152002419710247,131.45004081615033,39.26611114810075,50.64951486689531,33.013540589155376,54.66213015973391,67.56032156719958,53.779617131617215,120.6640198027021
2873,23.0578384572416,28.52158857959353,14.674022855311367,21.258517044001948,10.936740240090984,4.89102088421724,132.14582492316504,42.07677529331932,52.57982451464675,31.149167710173206,55.17058458558893,69.42257182712366,54.198340667361485,125.54403665609902
2874,24.456284779019118,25.77996102992244,19.63278789657243,26.988013846847778,5.156505644568258,3.261001214135896,139.54286488325545,38.203165606941894,52.50348344488371,33.61257213932679,53.77984950587194,68.96152953744017,54.19827078673718,127.18446085410764
2875,22.88434718173977,27.71697776174777,14.58230308878387,23.514822774297077,6.722681132958849,6.722636922851375,136.50936290423104,40.3679580365418,48.145853251148516,28.474993191811674,52.630058631683106,69.1733982106547,55.768884672391444,120.75212799159483
2876,24.67266809140678,26.741365752485628,16.386393017162153,29.165987533316965,5.878683962619246,8.15200480713853,137.92317423820742,41.760698107863355,49.587970788458804,26.137889553027257,52.200018382845535,67.56006429638222,55.00118479703489,132.07528360948157
2877,22.884164927250477,29.16637970522424,19.08405255970759,32.8120673003553,11.528962855786991,11.528811548850134,143.19093683052333,44.771239515122645,46.717178045160736,23.740172914125477,50.226952219408275,68.65245938734023,54.0259419959696,140.2265879754956
2878,21.445574554895565,29.165946755490847,19.83490499460548,33.61224363077258,6.723143248766997,11.413000671137992,141.5754100184013,38.204292306640106,51.558951716870766,24.67365502647727,53.10853700713009,71.81322260464744,52.402818690133664,136.50963038854826
2879,23.057782163612583,29.165958148130272,23.05777036351081,32.11653497708308,8.313694129880513,6.5220001325686034,143.940790083819,41.761238943485914,46.94336603430743,17.935166568119993,51.55873883706193,73.36914928883974,54.68618217393347,131.08572028694883
2880,22.826159511889497,29.930427063658204,18.229140285883172,30.632737722303766,4.89103293819416,10.312197349523615,141.35938113214982,43.416588160374936,47.9524134498358,19.835748895855627,50.62240207096271,76.63133206236749,57.64546442644247,139.19956511587137
2881,24.511305047526474,27.717622778658768,21.25862401832251,29.166213439691063,6.721989100275629,6.722605332190797,136.3047670545884,36.64221541081948,50.015195153729394,19.633867351838383,49.88175618091218,71.73901534633563,53.08326828299948,134.18142669623995
2882,19.835888773415146,27.716752770920298,14.674000682045621,25.520344343819648,8.780099786642593,9.782093252487924,132.70850888021852,43.0769511088751,44.85988206690692,14.765165804097867,48.64099101878977,75.01775269214215,56.59769547726624,132.15568745876467
2883,21.752306315695733,24.456519450137748,14.674211739268973,24.456404393470503,6.723305016924967,6.721635245654554,131.08550308753115,43.753317389856036,51.55872652361383,14.764280868417872,53.08309649906942,71.75757232214697,54.41823030418833,130.8014273618157
2884,22.88417026080743,27.717642775321423,16.304145706139956,25.77902454340246,6.722533749241332,3.2611334845473263,132.31735889507627,40.271191266382765,47.53544403691463,21.75335235059247,51.482080050708895,75.15967669888873,52.58022487129855,130.68963206301046
2885,22.884147979396452,22.650518140555764,21.258758520386337,26.988939946882702,6.722288422923253,3.261046789906699,127.54972900180385,29.401450878917665,52.63015555638503,21.75334906831818,53.779876275929034,76.64873751088551,52.2759233790028,133.27825521746547
2886,24.94126865513377,26.2898819617223,16.304019988361738,21.935121051765897,5.878595565303818,3.6461346887410873,129.46382797450767,26.74912971528464,52.63155240371511,18.009394072488988,50.2269965403792,76.78620166566002,55.43503886653942,134.31064551973472
2887,24.673492005855646,25.52038829698014,16.385505656903064,22.176216225620845,7.291354775048615,3.646138945602588,130.80137289641246,40.89559007778811,51.06718838284624,19.56575519444682,50.22695294618941,76.78618052427169,54.686201410130195,136.30491220793678
2888,24.51132513467445,26.289722051039213,18.00920745302036,24.88722485741792,5.156239705992069,6.522167371788739,126.06170734892058,43.904961340438035,50.33223239356121,23.34449715677854,51.1963501121092,76.90815270678694,52.807022781968996,129.06185018136495
2889,22.88423165657578,23.514949676455323,21.258163109453285,23.514598542931118,6.522288777003486,3.2610005276027105,125.9245208904326,47.9565547826096,53.9769252399093,23.344125429793483,52.80702487651896,77.25206327640063,53.08308937310297,133.85405359621
2890,24.510380844985797,26.290199329196813,16.62818412625133,24.886791354618936,5.156863569654034,6.521245551371394,124.59757329073507,47.95478067553817,52.5045467263953,20.62342820134057,52.80706838746809,78.68444467594657,53.08308779545998,130.52673188045443
2891,21.258587965108372,23.514587606603655,19.835733978456656,20.87920897541885,9.783205096955921,2.3064159651060514,121.3550715563384,49.88553340186074,53.107895925720214,21.752151578027437,53.40770447674703,78.68460567655238,52.58006119816728,130.59803923918025
2892,23.739487972237654,24.886821214836324,21.444804758781302,23.17242604522203,3.646164665182463,3.2610012038029295,122.97663267985345,41.79498841518712,55.45830567176738,21.19600107925301,54.197849907735645,77.2519798717783,53.406727247189714,132.4268283758279
2893,24.94151150848491,26.290163763624967,21.444786091927213,23.514851485616543,6.722288768510948,3.6457807857390634,124.9811400554773,43.90431703763126,55.45924535639938,21.25871537676316,54.4192034262855,79.08895701077941,55.00117309149961,132.22598518109308
2894,23.739477135218998,25.77897765929752,18.00988094676168,22.176269787987366,8.313423084492314,3.6465116601206784,124.98100698848228,45.21584747369246,57.62183959301755,22.826049984116,55.0011602112546,82.31712860026406,53.77986267947991,130.4758129776238
2895,24.238032406138597,26.740401724417456,18.229066043979778,24.07274210716596,5.156082630069082,6.722688010875532,118.11336444457258,51.17356853733625,55.17055830151871,21.258019982114977,56.94886957181742,81.92765398142336,56.29144509710252,128.81537920112495
2896,23.34412715542215,25.778959200783632,19.084045682489908,21.874466795641826,3.646284650979551,6.721848799163008,116.68734570350644,53.110981316785214,55.170577566098665,18.00816433035463,56.59779193811769,81.78251148533785,56.597675495962555,128.84633272275445
2897,23.344208749662123,23.515506755528232,19.63287647463244,20.880171876300476,3.646210127956072,4.611751108859267,116.49361726628085,52.099589602154545,55.72216868286131,18.00809861987106,56.29153291505509,80.15679409998478,56.597678162444126,127.1845199859697
2898,19.633825944103336,20.879807356390888,16.62751199681494,24.073733419759055,8.152047442657812,6.522286391798576,113.45297964352817,59.796724979022436,52.09714239416526,22.17705061933996,55.00213281644758,79.08898542274972,54.19786885982726,130.44524018109138
2899,20.62347529370547,23.172287331495227,18.58996878788772,22.176964538062972,6.522224757651019,6.723153647773352,113.92065046040248,54.66483137213853,53.63077938251155,19.633186327667136,55.001202214321275,77.06245687501081,56.29144693924301,130.44522484606023
2900,24.238022675279513,24.456401253930277,22.709020904868677,20.87981384893308,5.156327573764985,4.611317510100676,112.87700311665351,51.819183568516266,53.308096013269896,21.19600009154796,52.80717470244347,75.44173396423552,56.59766645763441,130.80139006551914
2901,23.057947936835355,23.058086509678624,22.88460986249198,26.290246100526595,3.2611024867851297,6.521081617023068,113.45297351435175,55.72438358623856,54.80846166331649,19.83490747428885,55.00216418341547,79.08887128177939,54.686177896562434,132.0650649509493
2902,22.88413912847934,23.058045796462178,22.709492190104438,24.887421679282955,3.2610110102046246,6.521510214714415,108.6049023695693,57.62395587664185,54.19800655985985,19.084087447190807,55.00116846895478,80.70218908747061,56.03119202593783,132.07512476710326
2903,24.67346953087908,20.752191995954735,25.780600343262204,24.886864580171782,3.261732788947641,6.522245574463187,107.22601210552325,55.17350407122446,56.31518124295588,19.835002952765734,59.79431485235103,80.15685254550925,56.291499791976726,132.10528248272834
2904,23.34444223823498,20.87986574302918,25.782197446007185,21.93582534097598,6.723540111852156,3.646696948461863,107.76887049303316,62.151809849328,53.97694453380653,22.884218976825107,54.686180787515454,75.86340774142063,55.00122789762717,132.1052548026198
2905,22.88412979280676,20.752236278543077,21.75408493008723,21.258942061212366,8.313698447860412,3.261473597201295,104.88212616345686,67.02794923271742,52.504367595496724,24.940288201695854,53.4077039950618,79.0888170004422,54.41821773347193,133.705940207765
2906,23.057850711704177,20.88059353682808,23.740552220394854,21.935867905166177,6.522257118173863,1.6318165689467348,99.76333216278555,70.7898471012539,53.976920314438345,23.057762423587366,55.00115447206435,79.08883044528343,55.816349392696374,132.06500385171992
2907,21.195480893181543,23.172368811237735,26.988878059269666,25.778980235843292,3.261295749606249,5.155912944638277,98.50353947818121,75.44325953940222,54.808492249474945,16.30404818596658,54.41818377791613,78.87011479492008,59.25945245364,136.9560431407722
2908,22.88423835307354,21.935068915929378,23.34499745286975,22.1763611512484,4.8914601024562385,2.306736976233175,101.36316609408598,72.36776385451228,52.504380466028955,21.75301943377578,53.08326826396327,78.68442826721953,57.436503429807715,133.70494939442256
2909,21.75334637125054,19.63351507846362,21.874864254368397,20.88037465729913,8.152067702992646,3.2619537739483353,98.16547102452155,84.84766677043208,52.09746819761231,18.008925584076806,53.40773203823215,80.70318663193818,58.89951483397679,132.06601250914397
2910,21.444531259415516,23.058752401639136,24.238966999194187,24.888201186273058,4.891281576978434,3.2621539884934596,102.39337062719413,60.87668011199703,52.09746592809749,18.009011036309694,53.40772802273305,79.08891037657442,60.5239537746652,135.3358208805832
2911,23.34412793675441,20.752180098379956,24.942778546662364,24.456545886280185,3.261290067138487,5.87991578236974,104.0032595886255,75.1612369239252,51.17007870600776,18.229057003538145,54.68717342255333,76.78600988624362,57.64433639691272,133.73583944960254
2912,23.343871408980664,29.02914713809665,24.51260944028809,27.765002770323978,4.891256311555206,6.722660209399486,101.24456969756255,59.79660007667618,53.30810163835377,17.93501324530342,50.961930722153895,73.53290489517755,57.89753945337941,137.11224812437032
2913,25.310470267703952,26.290154344537335,24.513879917826618,34.8935927915852,6.522043710286265,4.611804957967074,102.04179802658777,55.0036340898318,54.80854602410182,21.25784118473933,53.40770490377968,78.87009673318269,57.89750729935516,137.11116238190607
2914,22.1765931595627,27.765073137613708,25.31386075604144,23.51471876934699,6.723091773456679,1.631454367239239,101.69060856325034,60.87602564393496,54.19896847853984,18.00892664562561,53.08313251166131,78.53225725918111,59.057307864217144,136.99482156273595
2915,24.238039584059816,26.7412566138011,24.2428969899652,26.988170163688743,9.783007142984427,2.305411543305006,102.04280010006079,58.71950619984394,52.68085143982619,24.51136223414625,53.77960725764974,77.06348976336733,57.64446484412951,135.67915642381195
2916,26.340367617863173,23.058079620909982,27.71915461006557,25.46925388600696,3.26100054654153,0.03791399999999989,97.2809664031624,76.6498763429198,53.30809996129289,22.827116802272162,54.19827849303482,78.32891386665763,55.45800043501386,132.55827237495822
2917,21.444476366006132,20.879807279115308,26.29077660776172,27.717288422582545,4.891314312380691,3.645714021741714,94.95860477445082,77.47754250549717,54.19800383268906,21.196106094754636,52.63005208107852,76.64835608804653,57.065077634722385,132.70853951900196
2918,21.444645441919423,18.589859052310274,28.052204717173417,26.988999856691365,3.261241831147325,1.631854805840303,94.95765536284274,77.47751159570689,55.45921058342467,24.51127968248936,55.72214069067629,78.27799490719126,65.94670634025817,134.0534548110831
2919,23.344335329052768,24.45657757497571,24.073807287730975,25.520429510725425,9.783127812722432,2.30607377245596,89.71882569757044,80.48811322185334,50.570213856601406,27.909222868872035,52.630063921689725,78.2779910124198,63.77489030325744,132.42687873176692
2920,20.624475950962836,22.176228729247548,26.989181495040285,26.98801628955384,6.522193801002918,1.630062121933083,92.53354881008217,79.34093222386049,53.10789373037749,26.087010824838238,54.19828191192923,76.64733934402847,61.39612511033841,133.9443003271905
2921,22.709060799533905,19.901783960580147,26.291493626663634,26.98903218091564,5.155619148047708,1.6310362751588614,86.22809266417906,87.39265155964682,50.01440482160719,16.38627348807093,49.58783208500474,76.69938557038788,57.15810263383943,133.69602168033012
2922,24.94051203489017,17.635965331488773,24.45797015479107,27.71689412670731,3.2610021183815805,1.631637469709796,88.23906933980813,85.81225762915405,57.621837537283916,26.137909235705152,55.72213312734959,80.04158389868361,62.149870341815834,130.44519609559154
2923,25.52026079772231,18.589872833829055,23.173994772935124,26.340583647125612,3.645694271801894,3.261358950651674,80.43789071434493,93.84635898141512,57.62179973994833,32.609044859055835,55.170559243069334,78.32891879799256,55.43500153864639,128.81432757736414
2924,24.23847370788185,18.228081232522815,28.05136942204472,24.941527929461124,8.152004353569977,1.6310068963830573,71.21912290688488,101.92518257686422,53.63051658180638,26.137881498889737,54.19827254646808,76.70041009711694,57.08833657306282,125.55458138012693
2925,25.520295920033814,18.228605292303467,23.514024887500717,25.77994166134794,3.64573053706658,3.645712648224506,73.73035830651465,99.67049320951965,56.71465515293103,22.82600563079511,54.19827341063625,80.30587320631277,60.326152260437155,120.82914818237116
2926,21.25851118519943,18.22943211486002,25.778990319075305,26.340698430773802,6.522316917753682,1.6314540055410982,71.21913837364386,100.83662232290045,58.78632990953603,26.137940891375248,55.770105155076735,80.1578480139753,55.43406391170799,119.42338383185694
2927,19.08405577800105,15.032059853828478,27.13582486283225,24.672455664963866,4.892562762195796,1.6307526518758095,72.18219435524786,101.24459153463248,62.74512813221748,34.27789113577226,63.41967678625346,81.66864857148114,52.27584787476845,121.04798201761952
2928,24.07249522568103,16.786394282026357,27.71670784573381,26.340364603611796,3.645718668474591,2.3062045332441956,79.50742543854153,96.52695779877253,63.44014492778407,35.87011148440664,59.34905192462909,82.10691866669707,53.828744836928585,119.30084490441116
2929,24.887667027727314,18.228429212519814,27.716706951097677,27.860881032456174,5.156994470658647,1.6312412534374225,77.5099326501491,98.16550039695667,59.79556893301036,34.24011046239011,57.828563733841655,80.15677775907938,53.80401408755877,125.58632099130851
2930,19.7008465336172,19.83491142578014,28.050797751509542,24.673488734905106,8.152045161076131,1.6303473424715316,76.42209151454038,102.39363532691685,62.08516906288401,31.022036225027122,61.373999174235266,83.40743928141463,53.80402128810672,127.26804951537282
2931,20.429844321482246,16.78635153239234,28.521493383683815,24.941504435462573,3.261224730254748,1.6310021479474186,79.9413001357621,96.25088324282643,64.23201997552611,34.279000069413996,60.326760873861716,86.79676635802356,53.804017573339195,125.63825134948205
2932,19.700776523987596,17.635833584685066,24.456400520966668,26.98807210554475,6.52229578240859,2.305887453975127,83.47163224855083,94.08651131784355,59.102253240041684,27.76492038861317,59.348782178829,81.66869464818664,57.088411072845034,130.44518895803859
2933,24.073416229905447,17.63694811597067,19.63351676735271,21.87424517239428,9.78200491402573,3.261034300931095,85.06431771738497,92.2313149874909,60.52407924426761,32.60903738516185,60.917572310399855,82.10690649685266,55.817369309606214,130.52666817993943
2934,23.34412935092891,18.44707569357584,25.779940364500952,26.98909731075285,3.26116811445978,3.261055065527284,90.8666793401368,83.93230973214598,62.72389831561496,34.58657511174277,66.52890995808339,88.58587033273137,54.025945732561844,136.96569953066066
2935,18.590371106712436,17.331717878835796,25.780310889710254,26.98975809646326,5.156966496561314,3.261812954845841,87.93764286294585,85.17526981424119,61.97709614652511,27.90829734222111,58.92147760965622,85.17301593956213,62.49115771505284,135.36529314790675
2936,21.752109268875245,19.63286335089511,23.514957702739167,26.29031343531083,3.2612692358995994,5.155516376389971,92.47566181223107,82.10803170304766,63.44014472970762,33.25483851784941,66.06792766329404,90.39736083346735,55.81637671709651,138.59659011099504
2937,21.752080888708083,20.752200518191025,24.888956325645882,26.29039339412102,3.2611249662349886,4.891058721492637,92.74845231898875,80.04308196208623,62.745139538642114,36.201919593339206,66.52920835643184,90.39736246997694,54.418064313542956,136.96573572042195
2938,23.34413395208453,19.63282301639587,26.29136969322055,26.290233404645253,3.261070716586219,1.6301541680347247,95.3214872058826,81.53911779791487,61.978496096796924,36.01704419844863,64.97280556236616,90.61772729278428,52.80702674241597,137.11122347565893
2939,22.7096741670625,23.173080134053546,24.88836272815362,24.886954700807426,3.2610268737195582,0.04698899999999995,96.56794542758426,74.02099441486217,60.52496754646667,34.277862804031685,63.41947398152856,89.00402835862923,56.597669219388244,137.04334299451912
2940,21.87438222076687,22.175438680429338,23.514018671114815,20.623426330605312,3.2612739074308306,1.630012968047796,97.30877250732067,76.83890532410257,60.52357238985826,34.39505965139272,61.3749518095506,85.78040473395299,51.19646634861592,130.5266708881156
2941,23.05779513397586,25.778951989126277,21.267961700584316,31.657501590652277,5.15585380944807,3.2610853598188987,101.36317051568484,63.92187019233404,61.26641290802788,30.458361409564116,63.670999436654,89.00391402382274,49.156984433385475,136.957008076247
2942,20.62424658835558,26.988033662285506,23.51908566989496,49.29248251677694,5.157116242602638,0.015014,106.77760263165561,57.06613222005386,62.914383854143466,29.528646554000446,64.91092850751875,90.86669861676059,51.19718201330131,136.9560378401365
2943,23.73975437241164,23.514578663553472,24.073536201125417,23.514018805077306,1.6300141048349812,1.63130495805321,100.78367708488585,75.28498496647337,60.524034190820046,32.64972007525594,60.91862965622826,89.005010435121,46.37414605782195,137.04335258552368
2944,22.709623370689,26.29015542428613,21.259847848778758,26.289707274658642,8.313374798020401,3.262244060033643,100.78370051894308,67.81720192391138,59.86179201711021,27.909208090123393,62.99946009746305,89.00402155491082,51.196192032846575,136.9667173442719
2945,18.58995101212808,20.75232889039257,23.515692936599724,24.88683644769308,4.891339087492932,3.2602927902642334,97.30785293077416,85.34786476276423,59.102711169233814,27.9081754259035,63.67100910139441,88.7806449226316,49.587669295983815,138.826644785549
2946,23.739368969457423,23.51461057508567,25.470748866063637,21.93580261838814,8.313418688435323,1.6324174353543843,96.9111315599204,81.67036973660245,56.94868617042353,24.51026032645777,56.59774152897337,82.10679062767606,52.8071590543354,135.36628998466065
2947,19.835137038554983,23.058050175885676,25.781338679943545,26.98898241445611,4.892178449957075,3.646410251201045,101.0611653106107,81.67027021765297,57.62137352523667,26.541824702814722,55.77011040793587,82.10678419630749,52.19946627411671,133.85504039426618
2948,23.739566573276466,23.173057308338905,24.890750949833542,20.752178136336042,3.2610097982122284,1.6333726017158772,101.06117863243159,68.55696367799624,57.621369898959486,26.137928121532497,55.363343054554846,80.70209699081109,52.275857685168596,133.85498510997627
2949,24.238133208017484,24.45644937706083,23.515618394069953,23.514830974185024,3.646278743541155,3.261293625640622,101.92510851552447,80.49083202783417,57.621795673549514,24.511336033365417,56.94901218291109,85.54774862292876,47.534320597163955,138.740388359305
2950,22.88424926740876,23.17309003737133,25.521781879707092,24.45720276987319,4.892355494700785,3.6461377467781952,107.22593794946681,64.3373777910451,56.14926649622991,24.510358402993656,54.68602231354279,82.31702774895737,51.48187882490071,138.59658534761982
2951,23.34433719199084,24.88813863235491,23.35104098519305,30.63390325016985,3.2610800195678715,4.891019490951165,106.77762279810298,60.525300846575476,56.14884896508031,25.779855490221863,58.19511441476174,82.31603744956014,47.39437555585439,133.85498484639118
2952,23.057840065475325,23.514855222197305,21.198564241619966,27.136233316840823,6.521091908789773,5.879781543181323,105.877936045077,56.599646240801995,56.31515906680443,23.344126010390635,55.00213287728391,80.70214416845043,53.90275272963192,133.73576420735813
2953,24.673451114492284,23.058048147592014,24.941754503023237,26.988917662003416,1.6310617266370067,4.892154897884976,104.27104334528933,75.07348774885922,53.63079082293456,22.175476612933323,55.0011551472987,81.92765042972917,53.82978622644745,132.22690879821826
2954,23.344482964694194,25.468705883718773,25.525470659189708,28.146398488126074,9.782078451808172,6.522009933501186,106.47899624296998,59.05659035280281,53.10853374655431,14.67421798394229,53.407708688377234,76.63000251452534,53.90274334823302,134.3307122939012
2955,21.753031819904884,24.45640000112714,25.781680419927635,23.51466099293935,8.152005176701545,0.04303199999999996,107.7688531694989,58.788800683966095,54.19829089272936,14.764429550722289,53.77992691278979,78.27797675017808,55.43400030846683,134.18225650305044
2956,23.05783105337584,25.778966928894214,24.075140105504733,29.393286349475684,8.313640352091245,6.521023635001578,112.87684524264056,48.94028380522983,54.662418266798134,16.304602649370423,55.36236704665431,79.90764724958194,57.08827496477915,134.18225346227396
2957,23.739202286204172,30.327740271384144,24.076562152070196,16.058113257738956,3.64594418352793,1.6310782227336902,113.45308002794467,56.03229488812104,54.66241374767055,14.67409884087885,52.80706024294938,79.90764864256471,55.53085437524407,132.70764862368438
2958,22.884281017043627,27.716707151251192,21.260214230522923,29.393304482436577,8.152332375966026,6.52100064173047,112.3112950430424,47.39587116866416,54.66215680003082,21.259319281882547,55.36259166264141,81.66866294262512,53.90273236012925,130.9333740612299
2959,23.344129556881416,29.393036173773673,29.394692471361566,26.54161631388382,4.611928081659551,3.2610890527552536,116.6874736579218,45.91386503977359,54.66211428423384,14.764450130432117,53.08328358371382,81.53832198400401,53.82868624124502,132.70762825057963
2960,23.344179873872076,28.52057805326466,27.670786744715457,26.2899195879175,9.91704072861292,9.91706271822588,116.68739641875297,44.051623402448065,53.10761400156744,21.258985848258675,53.40771236186522,80.30585853495444,54.025862276944835,132.1555421015237
2961,20.168141301421183,29.392454078946272,27.139312689558853,27.717070747383666,5.156981937219573,6.722602912525,113.45297001302833,50.57145320861084,53.107612709426036,14.764370106279689,53.40771988684178,78.2779757704485,53.82868488475728,132.42685281609482
2962,22.175764539737514,28.05138241479655,22.656875757746334,31.48908497891456,5.156015267446762,9.918040402580425,111.83589905320619,54.42018865322095,54.662148519535855,16.305062235468476,53.0833286964597,79.89100129758792,54.025894110614075,134.18125830804038
2963,23.05776808050038,24.888079541527443,24.89124631303351,26.290085757426525,3.261372699403758,9.78300522809818,113.92078813922235,44.14316532157718,55.170240151267,19.56512397411521,51.816532666505545,81.66865396866453,55.81735476924064,130.8012895924219
2964,19.835980813420814,25.77923754652232,24.076375981670413,27.718000145903993,8.152006695329916,3.261002454461075,108.39661581203302,48.941300134758436,57.78315963722865,20.168024265735312,60.12672623302097,81.58625597153102,52.40280841494555,130.68952332397507
2965,19.084115587854086,27.716858278234756,27.767232263516846,26.290031415776077,6.723083667180098,6.522001596210237,111.63360340793453,45.65387694878676,54.6624233390736,17.934725340657018,55.00218356004421,80.04057983025524,56.29162584961037,132.15658379984256
2966,21.444585839967708,23.51401977265479,23.06372050840892,29.528620096145822,8.313693844329357,3.2610870685862032,106.9891083632819,49.347212909981366,57.250866194882335,22.884811943145234,56.59769653308639,83.7255681332944,53.08329437060317,130.52667512286754
2967,19.835031008407434,23.058752134599537,24.88686689605023,23.51486661283847,6.52210232464624,3.6462689355170217,104.97029002626078,58.92448057114635,57.25087602888779,16.627909132521797,54.419077535515015,79.9086472194884,55.529851527918495,130.52672184334554
2968,22.17577241200913,24.88670224918926,21.937092088506134,22.17686550817418,6.7220424456740355,1.6317230294691845,103.54179408923879,59.05991288196249,55.72180413808987,21.257755319514647,53.40770565623353,78.87000476946254,53.82973064012216,132.22591229616924
2969,23.057815722599184,21.935068393447303,20.168657857582136,27.13582664128517,3.2614557560211956,1.6328053786792558,105.16001962830086,56.9518837652656,55.721784180207955,23.34423663969333,56.59668738425815,81.92768303012869,52.40282530294414,130.52668694569718
2970,21.44538501368839,21.935272662693354,21.258874262666787,26.29016291130636,6.5220147355319495,4.891474936892163,105.1600001435743,61.87394245056822,58.2631400859723,20.167138147586574,58.19511105518535,80.48789245281701,57.15810010976101,128.81535898269033
2971,21.752011350134968,26.289691065299255,18.593076355219555,19.01336487893703,8.313622279614268,1.630278262874159,108.21254609400974,57.090256755784466,54.19862049273465,22.884319410975593,53.407704183228226,78.8700053366216,56.03121115594066,132.22691195273416
2972,23.057967956707948,23.058117683245513,26.28999200066534,30.76284163968008,4.891035656481783,1.6300355406235734,108.39570612265062,57.78613566919383,54.807595373128976,17.935006244246367,53.083171726554134,78.53223392790308,57.644408049606,130.43503139798383
2973,23.057949356454795,24.88673827152767,20.884273581914304,27.764946790134506,9.917067960793629,3.2610448603208693,114.87395682813336,38.755945400234076,51.04049282576107,21.753278878417973,53.40770877776562,76.90808065510551,55.81623903585405,132.1555816462346
2974,22.884126722514324,25.779781787650656,14.770982148794282,34.23900674764268,4.891460006452433,4.891059641398394,112.06159933872489,46.374953776335836,53.30818066764425,18.009044682199452,51.19719368246788,75.15932447503397,58.53661656839397,132.15555487844208
2975,19.632845194248233,23.057346841289448,26.289989194448587,25.468625117323455,6.722851597690433,3.645740215693398,110.22016828457605,56.94974360899489,53.232363153273745,25.310727226834135,53.77985470313425,76.12594489019892,56.5976719913872,130.4452231513261
2976,23.34446853231184,27.71810940940992,24.240352974593858,27.909168556508135,9.917092929361852,3.261030400741636,116.39040182741806,41.24836666022055,48.14673493013124,23.344233234374304,47.47992049504221,68.65244648461348,62.49100377227314,127.21580437077876
2977,21.25867933788455,28.05095067973629,25.47063746530901,27.717001349758167,9.783007532430872,5.1567270511827425,113.5353673772085,43.901409724093504,48.14588492542548,26.540572567072648,52.09746807181654,68.49742542612546,62.14978744985396,125.92460192581242
2978,21.444637300882572,29.3925613851397,24.460149326160057,43.50502403355193,4.891150096769081,1.6310032920656254,114.47934828174479,47.98261953257335,51.040487822149935,24.51134643428995,50.62215522923893,67.1654090009003,62.723557608337245,129.4637002353763
2979,23.344128749674233,27.135843389436715,22.65430720468779,21.44550051871624,3.6461109180802693,0.012573,115.79489729579835,56.292460519421425,51.066749998322486,17.93533496894393,51.06671085507686,73.37000670754453,62.148771316291096,133.75612045539916
2980,20.16710172717658,30.32776310160197,23.176056668049146,34.04460832750832,8.15211198726439,7.291819421948359,115.79583092799312,52.277396059951236,52.630118542656035,19.63313373023488,52.20002045041278,75.01777719538195,57.64433518274121,132.70751826886928
2981,23.057953501059945,25.468115644848847,26.290854981358137,21.936005940369455,3.2610907755265197,2.3054193061185138,113.45297760675605,54.20259061917136,53.10884880751565,14.67401388560642,53.08330163650187,76.6483576690298,57.15817305517769,135.6791698856413
2982,19.63279897261814,27.76506416473917,25.782522200651336,27.717007854955863,8.152072762202799,4.892024176596019,111.83688182142677,50.56997348712491,52.63004083350787,20.167554409824326,55.3623561876751,79.90764892250584,53.90379650952529,133.94430485787942
2983,19.632876873573082,26.74118322763152,25.7810927534936,26.08700427748877,8.31341745428534,3.645708222499456,113.25357616262886,50.57100314811951,52.63004044174682,19.835046115573206,53.40770465694975,79.89104178110615,55.45904520710546,137.11121128009327
2984,23.34413890346866,26.28977534557901,20.75648686577031,31.319869124919286,8.313437858745552,17.63559764940224,114.69928388008539,50.5715695593782,53.10860497665203,19.633001279808624,51.81555435365933,75.44173401009567,54.41905966872601,132.22695091646372
2985,19.83602170072335,24.07336893143327,19.637146267930085,47.53479375772786,8.313366481918667,46.115524395294536,110.22118104634576,52.580577815855406,54.19829579168146,19.835698814557162,56.59669667763563,83.21602100587857,57.43739750490545,132.22596217481538
2986,18.59002904586888,28.520904049586758,21.878581159378896,27.718052096419797,6.723186498130466,4.611750985569437,116.49348156977854,43.169392852522066,53.107606592160515,21.258995783869814,53.40770923112344,76.9080870389534,56.597668639609644,132.15654014822402
2987,23.34419254952422,27.716752656947477,18.23353573282381,31.362673971410473,8.31354582588217,11.869738712241986,115.07036920615151,42.89157928490491,53.63178533139686,22.884455913808445,53.40771069505274,76.90697199542137,54.68622675022033,132.42777613318285
2988,23.057907967811186,25.779784880391038,21.874668796155273,25.780183433181445,1.6304052409756862,3.2610361506774432,110.01504563834905,59.35102009548822,53.6317395479974,18.008935588990266,53.40774451807903,75.07093200025625,61.11419599242198,128.80504504075958
2989,24.511324686755025,21.935831879710612,21.874171303965024,25.52099181898012,3.2615922675460456,2.3061416461719983,105.16000381152386,67.22520852988491,54.808106585980376,26.890086634227316,55.36259064095666,77.47633787455997,54.02585037301989,130.52570651693296
2990,22.88419778067167,23.173068908853793,20.16714946765223,21.196928264887976,4.892401868452341,3.2610351407675426,103.35011174630849,70.24154351192122,55.458299499586914,24.51042247895994,53.77960868476573,77.47530931709112,59.79530738248168,130.80136226640036
2991,23.057923240499388,24.88817043947587,22.710871288948503,26.290072099294147,5.156820075500884,1.630094164593256,101.729250671535,68.57584301188662,49.667926101409876,21.445385307336444,51.81555307317837,73.53285327363372,60.6775313969689,132.07607843631104
2992,24.941523914063687,20.88002037020078,21.87456064639199,21.25885959916393,3.261628693976241,1.6302633911169033,102.14652408429922,71.75834771076599,49.506704797076154,18.229104177663274,53.407704378585564,78.68465172134175,60.52400348849161,129.06178403274515
2993,22.884134500765587,21.93580875954038,16.05830941447083,22.70969168410713,3.261047548273431,6.522053216925604,95.25223036301882,78.88730617505821,53.10884384072947,16.304462286051784,53.0832856165726,78.68449684338167,62.49100674902397,130.800298980442
2994,21.445647125542674,20.8799380380072,19.63334123229159,27.718064512354594,4.891000285446795,3.2610623897104123,100.30863115965374,73.24366418575502,53.108551703567635,19.63308976098016,53.0830844082789,78.87015959221432,57.43750731951942,135.3652912002247
2995,22.176657190860105,24.886733310492975,23.344950321575233,27.717649612456842,6.722656945432226,1.6312866880851777,106.5907864716328,64.97445487297296,52.68089363519584,23.73927236964147,54.68599628691848,78.8701872435489,52.275822329805145,130.43503231562386
2996,23.344126774237363,31.65747847240294,20.433270397345215,23.739289617096183,5.155589862832786,6.522003116633408,121.35506264528254,45.91552749175621,52.09757187894888,17.021997235790245,53.08309284965633,78.32893614998919,52.80704192349515,132.15562897147834
2997,23.057766049550473,29.165937683714688,27.766150360812045,31.362722573552603,8.780074373980282,8.313563820246713,129.63818260378426,40.335489024802,52.50438831128021,21.196000042673706,54.419204717456196,76.90805907332219,53.7786368258304,133.9443742716581
2998,22.884216357669047,29.974800478110748,24.456914075148223,36.20094473187597,8.313695890516975,4.89200033410301,137.57578699089154,33.614455264299544,53.97719339036022,20.167257284399398,52.40279991236738,73.8214892395888,53.77987113224725,130.5267482903408
2999,22.82624132947363,33.57269011008287,23.172785044121273,29.528669425292808,3.646322755462147,8.780052764416068,134.33071991482075,30.765293324227617,45.213881336383295,15.032345327518842,49.346046133721416,75.86340863395372,57.78220802241187,128.8051874386552
3000,19.565218519119583,32.15755054494592,21.259561267353483,27.717052085309707,6.5222116549477205,6.722864473398535,137.7408732891709,34.66521200188929,49.77565158750131,22.176437337573958,51.48109326532201,76.12574350938768,56.71545802485812,124.00970320136244
3001,22.826127476069924,32.15678203551824,27.135947055954457,38.062840253064564,4.611333784221665,5.156412725538889,142.44646327869177,29.931828545503958,49.58792985433011,16.626731511925247,51.19719303287603,68.10876733822239,61.374980321863816,130.445390903052
3002,19.56507617473584,29.97480042563752,25.77913990691085,31.489119391925552,10.312250301850499,11.528811421179949,142.78191916526274,31.149995532896295,48.39411834123327,24.94133228085948,50.96305621076933,66.50966100859513,56.71456227219923,127.21590066442315
3003,19.565157978748243,31.362640646330348,26.289771152510905,32.64992791395716,8.313581792108844,9.917901521685328,141.5754112440808,31.658373909176724,45.68133248121914,24.672485644671976,45.91325561654291,66.84746667175729,59.95052849542182,124.00956430279983
3004,21.445494381104893,30.633542185196717,24.51162918062935,29.392580585543996,8.780161230505996,3.6461477954192554,141.35925044663023,39.46965688427213,45.6807381960809,21.75300485281725,49.15693358957299,65.64420892433134,67.55986310362233,122.38087508155529
3005,22.826311695649498,31.3626496189797,21.258805615696335,29.02918148541611,5.157116970953824,5.156664644419723,141.16171754425676,46.63286547464249,45.330883642819536,26.541563202145387,48.94019147310858,68.57568939889991,59.349254676816216,121.04813510436534
3006,22.88418046280989,32.11604890091215,23.73954933025444,39.97122165717203,9.918131191169499,5.156837360953106,134.33073756255797,38.06339977814814,49.90784921794329,22.709501930574877,47.980596835571,66.84760443341902,61.374662164506354,122.81458057494316
3007,22.82600861361658,32.116079228997236,14.67456686291933,30.32759641358433,4.611850819887779,11.869750691877519,139.54275978609283,40.36850038494029,51.55873021531922,24.94128415652248,51.19635219879531,68.80772499213978,59.94963599305752,125.9247193545317
3008,24.456000630661524,32.812074771051684,25.778893626198276,34.58673115530299,3.646166878462873,8.314344359802298,141.81002217717779,31.32108802402474,48.14677363751098,19.70080291502544,50.96214914277067,68.43885091565468,60.9185809972828,127.18453502974944
3009,22.88412560248714,29.975733390511536,24.834300163960034,37.64155012204008,6.722883591911966,15.38184173939907,143.67284331492405,29.395533648424035,47.53477739400256,18.229075902099257,49.34591523269435,66.50848434513622,60.50252714134346,127.18468259503668
3010,24.456106516622757,33.926863428423914,22.176871395916617,24.07280080813398,5.878551745968211,6.522006853494167,144.8068152054106,24.240126416904744,48.85865255385424,18.590197512403137,49.88155308752481,66.50870948638917,60.50245668865875,132.10530362951275
3011,21.25858496776772,30.63265313484303,25.467836971189893,40.10393304424074,7.290948103990933,6.522015835183523,149.65356283384148,27.13840696243263,45.30154146846979,18.00892671858221,45.91325949146505,66.20815886959865,55.7691646306774,128.81548794426743
3012,19.56501577367971,34.278788852234875,24.07339547577248,39.468130231015024,8.313609999759379,4.611829522011878,147.64308764651432,28.05243806447541,47.5352986666996,19.084067311551365,48.94021782061549,67.81531980084024,55.76918108861518,127.21590913065124
3013,21.258785923848176,31.48910521089276,18.44629489366631,13.145458989506661,3.261455438452158,14.583654433291033,148.80731718293032,24.075551960326536,45.942726505952216,23.344466410136057,48.284468124146485,68.10804620338921,49.04864452521153,127.21482629030754
3014,21.444479627841293,32.48605462272654,22.17682927298274,22.176381180199684,5.157195052700596,5.156727201714251,153.81500319717603,26.342143793540373,43.90077321443893,21.445494135293956,44.77043257639813,67.81535169095196,49.66794670162722,122.29295175350384
3015,22.884228086047013,29.392842355586428,18.44655129881925,26.08700326968072,4.611877376943329,22.651410849957255,155.4401864908104,24.07581084010389,43.075827069810586,16.626922076290125,44.29287141712053,65.94660141641779,53.1086335689222,125.58642777206138
3016,19.83515853479797,29.392850283058234,18.445638187116902,79.50712439820877,5.8784377081807975,24.073375440224773,157.06458685152612,22.71315571515362,43.04399467790176,19.834868721805208,46.374134455889454,65.94781850124959,51.06672404864836,128.89789251637248
3017,18.009026127150797,28.474379178070933,21.935096138052334,55.43429900383164,8.779811664459254,23.514055079981425,157.06450297697558,21.197991697387295,46.143885017294345,21.2586729371103,46.37432319378644,71.03198128995943,52.09753157147014,128.845277792318
3018,18.229179227423312,28.47452439553899,4.893066486777542,35.19706177540738,8.151403702816395,5.155821348245603,155.44018693343833,22.182099689011963,48.47611593468356,21.752502844859634,50.22687614041708,67.02715204348914,49.048982848535914,132.5572884325265
3019,16.304015010768822,29.974823034048082,14.583742107676024,40.3351297455623,6.721894468870028,27.71718287400414,157.06449741756418,21.75675295904199,44.53160578839903,21.258722227497355,43.900509303141604,68.9618683960592,47.952407405103024,125.92465578284971
3020,17.934013195044322,26.889942612248635,16.14063816537142,70.03251660176117,2.305882740037116,26.289720660249753,155.4391956333446,20.171133442429067,43.74867010244055,19.700820645921276,48.28446282248243,65.40033692865624,50.62240339242696,127.68518602076378
3021,16.30506028107744,27.331063389281876,2.3058786199625216,114.14263928511663,1.6300019727889856,3.2611167761252506,155.4392869246983,20.432352044970653,42.297049918382264,19.701128106112165,46.68846514996328,64.10763186616458,54.19827233315034,125.92369805037177
3022,18.229079812941784,25.779044116074047,16.14047768534637,54.198065853487954,3.644873253524178,3.26165503743495,161.93912487876617,21.259272670065847,40.89102012272524,21.445455114748327,42.796304550289854,58.785550925441775,54.66242331412329,126.06087197368237
3023,19.565010363887975,26.888986704355847,22.650516566049934,15.468339346053492,2.3058915573827976,9.506912886531548,158.99127297726548,21.199421013254728,40.891359504830575,18.58996843211101,44.85895040386139,55.4581033125354,57.78288628312471,124.59868829001731
3024,16.305000095529753,22.710036006945643,17.33137738527903,51.55872625167742,2.3059738907977456,1.6310991841746458,163.5648822384382,19.567200428791057,39.400823153963636,21.445851195634017,43.32188260813529,60.3491669610329,58.445697856768376,121.1908374946395
3025,21.195288095708907,25.52041417068965,25.46845669042901,42.39083763810504,4.8915405751562755,17.332303735968,165.18980838305285,24.512238445224067,39.803691566084936,23.7404934063014,47.98061504684613,61.11439757134884,55.16968851153259,119.06581840390345
3026,18.01020353315645,26.340159461131307,21.25850296428638,102.9369775469617,3.6458286154948567,3.261092815062337,165.1897422258475,24.836906053420527,40.89180573900467,24.67348572683771,42.79834010267846,60.679464253130035,55.16965750970009,117.94478873089128
3027,16.385802166830132,23.51402837954749,24.45640443432107,43.9009140250064,5.878463789469148,16.3044871462798,165.47916214147554,19.568208248080378,41.56846246040982,24.94160153412607,49.50778374775047,63.77598739932642,54.807152901954794,124.77911754580413
3028,20.623543318646796,27.76491687766241,79.89100003758615,45.68130444890434,2.30592277894041,0.0030960600000000003,160.31389997479,107.38682421364845,37.25078579752554,23.34560371512408,41.569529073116634,57.647608488552464,55.16946405600314,121.1914077378636
3029,49.695062947669555,169.76084451076224,139.037559016161,171.5760093515812,89.25747109375735,113.82749297513872,143.03315982674712,92.3037298828827,172.09403120699895,173.3173780240505,77.47524423344845,0.019308360200000003,14.67406142604814,82.05767769508266
3030,20.167199087708035,2.3051681322349005,1.6300000057903519,11.413000002459126,0.028689199999999998,5.1567261901445285,125.87146149302099,165.8318179721293,52.19879977557739,52.1987997756357,135.7178102092729,71.21843048023999,0.000769874,276.8714865501912
3031,22.884174057554553,91.43490743151155,1.53285e-05,155.465319894875,80.289777399594,108.60421915379739,70.01369669170441,136.84907093302712,127.841173688339,41.79094610082989,47.31112184261157,164.4795409071923,94.05801632499845,109.93058285648299
3032,22.884236606002528,92.80652477065706,89.67400000000048,3.6456852609942927,0.010567144,41.15098876095293,237.26661055661825,305.51810337673066,100.83632042582298,47.618236097108884,102.9766355879341,89.00438756922581,68.7298074652089,132.7377766887393
3033,77.47623507547165,45.91385869222496,142.3064006747414,169.5653076930052,8.313559113283532,2.3065823214515295,249.73319190482044,55.17023538217583,91.14384806454198,92.74844171736886,127.2258472560092,160.87606773228242,72.20127440129998,100.83661379394185
3034,12.733523785779147,1.6300000033720485,141.33224641271744,351.88689471620717,2.305875343907126,181.09548025283587,257.49022515515304,259.4235268842786,78.02330701172014,502.5898954664823,77.47623332369345,66.389110109679,20.42970616566764,128.39146188230586
3035,96.95226253227916,48.393579295251584,67.16540469634933,347.2559779543296,8.09168e-05,284.7431884435635,240.1834787374889,253.74575575079191,65.23739150211729,26.136938555311424,65.23739150211946,49.29189840755391,24.510369641480764,129.83195511702155
3036,11.757702709350676,2.3058753240487397,154.76237013565142,204.396541372444,159.09902576713935,271.0342907604177,252.25987867227724,252.02257951890073,59.794665188541394,32.11621148269072,123.45130217216371,44.76992237478606,18.447056720470272,121.1463562125849
3037,24.510269623337013,0.00034630700000000007,16.305000034299862,26.137936606215423,1.6301787827370928,1.6300000004761337,101.29715605029585,40.268448527889255,74.01835753390782,17.935011022558754,27.764954723398613,45.477668770370116,56.71453080224197,76.64833561615959
3038,19.566000947613478,0.00034824799999999995,11.413000000964349,1.6310000122042103,1.6311905948473373,1.6310000004255523,107.48490626687806,109.1412673760744,53.778636818997526,68.49799198521826,118.15897904540594,107.96637135659765,61.113953176535766,224.40804564681275
3039,166.41641280388268,3.260000001288098,55.77010221435858,138.34643168876445,2.3058753362654962,127.80939609435599,235.89497731411674,254.12287753509875,108.39669190986031,142.3064006747483,143.93220629866013,202.81066591778173,142.306400675006,46.9432527561013
3040,164.18869151294464,163.60529205378143,56.94874075868683,0.0001358327,161.38010653174166,101.8733117406315,43.74913635949849,81.14615522381757,111.63468473553878,135.95310266781973,44.769448790448145,114.18861250154652,75.79333064341678,41.053511799999946
3041,76.70035388234886,252.7652151107905,252.25987562235596,170.47912910389215,3.261000014159285,1.631000000340232,266.16552346096216,224.4670761639357,108.21253832159042,76.12568455526392,40.79357818333727,94.56475862083605,74.82301234251749,147.64198100823748
3042,220.02976233686283,248.01901815183504,237.98191252698962,74.94662562128077,3.94534e-05,5.1820599999999996e-05,229.89677853576805,195.02542967823686,7.039499999999999e-06,1.631000004680161,210.12344467955063,111.84847509023774,117.9550927181874,208.95625214272354
3043,74.51932809148163,173.66214102392092,148.71869386870154,1.6310000030265204,9.548069999999997e-05,7.03786e-05,189.4744315454097,94.5371243730212,64.60213591678178,1.631000014894742,66.2081087028205,43.32188151183063,15.031803033038749,26.087004994172933
3044,26.988919728442987,0.000449628,13.1445810383395,2.305168116625799,3.260139736981205,1.630000000411418,106.47900668833952,41.79189166904448,64.91013275704103,57.62136947646096,64.91013275228518,8.152145200536074,50.96200590211808,26.137940895678163
3045,29.348018733925123,53.82871517136657,17.332123515646355,53.40672708580253,1.6310128853826102,2.3065823209749565,118.31612347801901,46.40326507790219,66.20810870869691,9.917040138944046,65.94667678263205,0.027406625599999998,9.783349667849766,18.229062637467024
3046,17.331390896373954,52.17400000022374,17.33212351920861,53.8040000000982,0.005269873,295.864344585493,93.63217889715453,50.544000229749145,66.50866880293805,71.18051890895482,68.10776274140677,1.6302592444219117,66.5086959239513,19.6327999942604
3047,130.78033114572193,9.48942e-05,145.2644815948485,251.6153936725949,154.64204474866855,161.40419387365628,36.963875358168686,296.2587776984605,65.94652843796662,70.1269460627623,120.2661881079315,53.03300903310223,66.92649992900279,17.93500249133516
3048,29.752774322928694,35.90701602751347,39.19829803841264,11.413000001094844,1.6301070798741981,4.161520000000001e-05,201.1455127490632,302.5412951018147,65.23736651457386,26.137874225465424,31.021852639527438,49.29107465286867,24.457011202833474,26.137877079328593
3049,9.917877766813271,2.3058754521799583,0.000173074,24.457200005311396,0.021470799999999995,3.5175e-05,174.7837832910904,226.50724420125007,15.381841242339064,9.50719559120468,16.3050000009517,231.55595307616122,0.000969045,8.313364744760287
3050,22.826007813868152,27.861077449124032,17.332419054648994,30.633926709191243,8.780052638856457,9.917999914446469,166.99046433045373,25.312579739221338,40.89142979439597,29.39379768553314,54.68617327698191,62.72356611136903,49.048342848924236,133.0688035171324
3051,18.229053847392304,29.974820252124424,23.515254045733148,42.39169515578377,4.612412284068266,5.8792681380192855,175.58037968952002,22.887091593670917,43.50599226259521,34.04468716228811,59.07937908950121,67.8150896061825,47.53447144773747,140.0654331209191
3052,18.009042852879883,28.474346004671634,21.258498254373503,28.89210395345462,5.879483829521218,3.646168633664855,178.97654455975245,22.82711745818894,36.63997693368024,28.89194380708261,48.94031980261722,54.41984717574282,46.143889903497374,131.25721398355714
3053,22.884149824131217,30.633530960886706,23.73937632236608,28.47499847754444,5.155892954483169,8.780986999886165,175.9429644862197,24.674601421880276,40.27009906169094,24.940403602196668,45.21356103312368,53.82915175766411,53.233286420269444,131.25819305054364
3054,17.935042450925064,29.97480634464601,18.5901585807727,29.393334087056576,3.6458093403578817,9.916879614156896,177.17061745994002,19.635557308538505,38.06344898071222,23.057763361360458,47.02958674298656,56.598270751905766,48.47611320789236,123.44070069980835
3055,22.88464221278802,27.861074944931463,18.229067793481487,37.53643598386639,3.645774102204328,6.72283457973613,168.57393258232827,16.633071957290362,35.61052381866923,18.228727638014107,43.04558841056361,60.87514729903907,47.057991693683775,121.84775555061022
3056,19.63477957345142,35.61034840010652,21.752990212494634,34.54881419153155,3.646244583081159,11.52902247251552,173.44794348041873,21.450647166824606,34.85544350487204,16.62705037656944,45.21376107683294,61.11605819738069,46.37414410940347,121.50959410841071
3057,15.031827304622126,2.3058876909832877,1.631000005108485,42.517164347075024,0.018202500000000003,1.6310000002477896,124.1702273802495,98.50323145140632,16.786345057974724,12.73429204016505,6.522000000001103,27.764946425756722,3.261000065442957,150.00885662112637
3058,21.44440487741042,15.467648722431793,13.444477304836886,76.37033007699227,4.8920004609236205,7.290923261203862,142.5951904622692,127.54889334574966,33.57230158951895,2.3051681690174863,35.75853963918842,185.29642680043975,0.00405871,46.11552812644567
3059,21.444825296654308,6.723744812915672,9.917040160354308,26.541721656135216,1.632264501390625,9.782346289172283,174.7839930651997,136.1877242908615,62.93560603693158,66.06792574001365,60.91831278031859,71.7578335505537,116.89226675961802,140.25516657246317
3060,22.8261689603463,28.05078773631794,0.000336941,11.528810392830804,2.305543712061207,2.3058753222062833,19.635661406821704,33.0130643318573,112.60648646664625,45.418248533474916,109.93058195022678,56.878172044558355,0.00719649,49.04833936892267
3061,25.77988289370755,1.6300001448642787,33.45328402492445,10.312187454686411,0.011457499999999995,2.305875321872603,31.021831140400597,58.69503400158359,40.26884077068748,38.4793809727883,44.50151598872486,47.53529195555535,137.77910926182716,71.18113136567288
3062,22.884129703059212,27.717701352461145,11.869958014803972,23.345250528242044,4.891207809689667,9.917073366385722,152.25169381632116,31.65747777254291,49.5076608019603,26.541561798018314,53.63170855223717,68.479129438034,52.40282820786101,131.44916837898305
3063,22.175767011337765,23.514641560746387,11.414102337005744,18.590293454725288,8.313561946490204,6.522000115984351,132.41631546498525,47.47966933869866,51.066703101187564,27.909247304253103,56.31515508304335,76.69944786271297,47.979620319706946,132.70772000238046
3064,21.25862557823723,24.887228047454915,12.416899845943862,16.058345391987345,6.521026123070218,4.891025044415908,128.01781628287924,44.35219016720421,54.197641708400035,24.457040435173962,55.170560550266416,71.73913794231495,46.68845902119141,134.05339520534673
3065,21.44565135510093,21.2586049287756,12.417275405965713,21.874619763232097,3.2610624887210897,8.313476136813996,118.75335891580612,55.00115463139008,54.19834869519905,24.457001320549676,56.94869823106718,79.95858781073497,49.15702949139218,133.27731599806452
3066,21.44540870401879,22.17679750971476,12.734297607783473,17.023213150297114,6.721664520879422,5.156788557915114,118.11359917140481,55.0021336741048,54.198271550037205,21.19503864265718,55.17057011169235,78.4137714487861,50.64910140310119,132.87873267881247
3067,20.624380794895103,22.176440921069656,9.918224282529769,19.901757868821544,6.721688187415136,8.152083513433837,118.1135563052026,56.220033215079525,54.66211430763436,27.7649533365065,58.26286889085562,79.89116932418919,49.58767219905915,132.42683050297634
3068,19.083807709312744,23.514797714984777,9.918275524965777,18.590162761369815,3.2615108731421985,5.156421253517689,117.94558536264769,54.19829581956817,56.714504699267614,28.474004749846383,57.78315146744034,78.26112960298488,45.76836740098142,128.9690588474186
3069,23.344126355190628,25.52040466856339,13.931461064305367,19.903078082829648,5.1571846474307925,4.8915638181760075,116.68785069570349,54.198404388772055,56.315160439191175,29.52851245438356,56.94868373431642,78.32900636862769,47.39436271622047,130.93344726440046
3070,19.632796703183782,26.289665754439355,13.929926746455322,20.430030293492212,8.15200717528246,4.892459651951047,124.18121731868123,46.40352020869311,53.10854490804645,24.45701060247406,52.629862867239176,71.81308149761105,51.48093745672631,125.71327826833765
3071,21.753286425288096,24.887949340890305,13.144681410768241,20.43040422010787,3.6457344196319035,5.156730905978696,117.94554332806253,47.47894077966818,54.80856388576616,29.39330247428662,54.80753289653624,75.0000477471024,42.67222623414042,126.06184686232082
3072,23.05776570115344,25.520320506482573,13.14474361389985,21.19627839085203,8.313589294862227,3.647125048156347,120.36499186874293,52.68087423575582,53.10854221275843,22.884125200707082,54.19844751654596,75.0177175231679,51.81556210571323,130.59799635779459
3073,20.167104737445126,27.13596456062248,12.417570791625254,21.7536192469759,5.1556236004891955,6.522070327966774,120.89445469135255,47.39530866806122,53.10856619647142,27.76594508669653,56.22135301198187,70.109040576334,49.88155125114438,123.95598688821127
3074,21.195393570002132,24.888304281135788,13.146088517405092,21.87604571752695,8.152129766141467,5.1583599073954565,123.10566117994028,47.53498286239268,53.630438244986294,27.765886411853067,56.22035999237992,70.12694617359382,48.6399435601272,122.3265737892213
3075,21.25758790625361,24.888137628709703,13.14557851697611,20.88056673885416,6.522115887838789,4.892375056563423,127.90407461877417,46.717427684858535,46.94419587873618,27.908233917453444,53.1087252411807,73.38713270241311,49.88156039811548,127.68513775371473
3076,22.176751794598424,23.51491877537112,13.044580012638221,21.875558141730366,8.152006460324221,3.263185631337751,123.44100626429007,47.53554524454539,53.30771375946856,29.52869100091005,54.662382153292974,70.1279727249871,50.22688025770585,120.7511577817669
3077,22.884358560659162,25.78060158588642,16.386495259530776,20.430285340121156,2.3065920046371446,8.31341788593751,126.62924741785572,47.02882708954927,55.43479197336536,31.65691831723366,56.31550272270825,70.41071093872047,48.28446336297657,122.67381408813212
3078,22.826205015322508,25.780402167826715,14.674083674901965,22.651100097413725,3.261082184659589,8.313748950509673,132.70710491571202,44.353253178403804,54.686620176449374,34.58657259378129,57.8292027593263,68.96156106766206,47.057007802113986,122.45684305607159
3079,21.753016213203683,23.17336020077566,14.67424917381548,19.90358010458421,8.313589371594423,3.262680642459687,133.34758045058152,41.76023218248475,50.35865106566417,29.392287917234377,53.630691296385756,65.54232781989116,51.81654821327118,121.04898409371522
3080,21.444434382421946,22.176472908025673,13.04316150511304,19.903669795376842,6.522091788560105,3.6463375387149,129.82202944513193,46.14408906168174,47.53526005282768,26.889696882453777,53.108706277333766,73.53291088631016,51.816759867900984,124.29863995435551
3081,24.456000005507015,22.650557478758223,13.145454791862452,21.258858581145045,4.891417468283057,6.721897768972743,132.41742530439413,43.900784764882246,48.47605345153525,21.25866533666685,53.77963327048654,75.0177171466661,53.40776869763048,129.1750925322526
3082,22.884240393808106,20.87945174156532,13.144714645553309,19.90319312507214,6.52114408181574,3.646071171029049,124.3951756541212,47.53458393738421,53.97692532973242,26.889926466096984,54.66234789397648,71.90554625217734,53.40770399481706,120.69608841085379
3083,18.590259573221235,21.93611830272349,14.67421756444445,21.258905470254764,3.2610063787886334,8.313365096290717,122.98728912450365,51.790379914569904,53.97704219845666,36.2011590978772,58.44568615501037,75.00002840462845,47.98060633205479,124.29858870530691
3084,19.700744757302573,19.632846742426437,14.764769223537845,24.07363118262315,3.2610849551217087,8.152226006080047,118.31633274088257,53.30849223841263,53.10885288033853,27.764926061340628,57.25213211253037,76.64835179174248,49.88176059050956,120.92711120797058
3085,23.05778106034939,18.44629519016986,16.058120060829815,20.16726302383585,8.313737388671848,4.891474115091343,116.39022044989021,55.72255076290286,54.662180240588704,27.71700114100029,54.66219085737898,75.00004696609433,50.649151752055296,129.30865839071228
3086,22.709594060058052,17.332127160933126,17.63626319282179,21.258649158551947,3.646279301679473,3.2616462891198297,109.14152261628028,58.44736515106901,57.8281821231601,29.75183630188603,58.44671376059283,76.69935507225391,48.940338763724355,121.04890135449111
3087,20.624059299274776,20.75218367382711,15.032028242935153,24.072503608091306,6.522000104049745,8.152002298753532,112.44132069867834,61.46129854422562,56.22035555626547,32.60900145402559,63.44015493798502,78.41381049722582,50.570287060010585,128.21485567654807
3088,22.709591775860357,18.589863638446175,16.058332533891086,21.25844703909381,5.155852391702523,3.646327984644297,107.55947772735468,59.35012575581276,57.25092358193095,29.751817205771683,57.25093364160285,78.26108433130784,49.02264985781098,120.9271122298371
3089,20.429212209201236,18.589859130427094,15.467976665444292,21.25770932587893,8.152013605928033,3.6469052656979963,110.35328446999215,55.72283937858742,54.66213903271575,27.90817501618167,54.662145947635786,78.26108739004334,50.64910489135979,120.92810879972882
3090,21.445409700416533,19.633471138276587,11.869741631038174,21.19577074346128,8.313566072520786,8.152076120991502,110.0032993035801,58.26399868602413,55.769146592472026,27.718017251521186,58.786640026394544,79.95767249494166,49.02168405551831,127.84112844677962
3091,19.014751145958275,21.93505626163781,15.381236405020351,23.34497679290515,3.2611409882089055,8.152222401718923,114.68757987051433,56.150586042570296,53.10760355621295,31.14918101787426,57.8285502228649,76.64834765360544,46.11557007546886,119.42342480746525
3092,20.623114503668532,17.33212398414585,13.44573570861543,20.879222604858263,6.521000925369927,4.612288178772189,111.94429288034812,55.458997628230705,53.63050688275481,27.764940758416937,55.170350598590026,76.64733401983514,51.19718077385396,119.20059987872168
3093,19.700746748559805,19.902505552415715,15.032291533293282,19.901746811978573,8.152008681215248,4.61253007777904,111.12123664819883,56.31579397007864,54.66213844030641,27.76492908076839,57.82950906601257,78.27805880367245,49.34590263097177,120.13356244376686
3094,19.700836616798707,21.935074376827266,14.583971997520623,22.650697483519725,3.2610083871122066,6.52109880820736,116.6871419599787,56.15054283396116,55.17056323079944,27.718120802167554,54.80753916676633,76.6484209092318,49.88161754628506,119.5679872312318
3095,19.083961182382463,20.752278401170624,13.445597416441805,22.65061246172441,3.261001833449984,8.313446422122587,112.44100353326114,57.64436006935389,56.3152186148405,32.64984307494586,60.32582656384596,78.2779823672827,48.284272253764264,119.20061612049372
3096,20.42919818471165,21.93506834506107,13.930210702153875,22.650646898066793,3.2611148747604948,6.723119431512662,112.44129186013842,55.46037046527016,56.7145113411023,32.64974010476749,57.82859688275215,76.64842812355506,47.980601421063206,120.36571887493089
3097,19.08406945076822,18.446294653855368,15.381888626316398,22.708735472312004,3.2610066203614423,8.152001041624123,109.32423298807421,59.951082106351464,58.44567376278791,37.50001393379646,61.26642025683576,78.32914714262034,47.394324877273,121.19060080613248
3098,21.874648395033166,16.303616972272586,16.304208554526085,23.514019843909317,1.6303264674981466,6.522009621827377,104.3988207184725,65.09506100709957,58.44659382003578,32.649749338887595,58.44568311114355,78.27808776773723,45.6811776372401,124.18097701537647
3099,18.589946967382392,17.332138621099926,13.931297255641395,20.62343318829394,3.2610351593396163,8.313577379188859,95.6973675409589,70.1279896371774,57.25223717962813,30.978053184543448,58.78535770673096,81.52103731744339,47.395384526406204,128.81432600750338
3100,20.429280596958442,19.633450692836007,17.33222304329613,23.514065945963154,3.2612805963915705,6.7218787379738085,95.32148965428735,77.5099572837365,58.78663141348613,29.348000895009836,57.2511983169542,81.52210512360784,48.940161082503415,123.9559230128996
3101,21.752123760705675,16.303805774713084,14.58274507162706,22.708711754672798,8.152024264690265,4.89152031237075,93.73302058531462,74.35936228799989,57.78290924382935,27.717033645701903,59.34846694953655,83.16812171325428,50.57034506245334,127.18444550057286
3102,20.42974497791777,16.786345125914774,15.381893762421319,20.429850676698457,6.522136640666453,8.313410694768372,89.53988360488843,75.15968105133646,59.34869240148129,26.137884678835917,58.26409023706564,81.52109757311081,50.54400414875587,128.81536100322194
3103,21.874242454830974,16.78634508180997,17.63621369650989,21.874220441907923,8.152001767383448,8.152063787655237,85.42275346905724,80.28984654301303,64.06538158440974,29.348004223005297,57.7828683338928,84.7831869456789,52.19951382597813,128.81432477023117
3104,21.196310923121402,16.78684144376429,16.058122509136496,22.176727321010056,8.152073839325107,8.15202670188364,92.94903018839065,77.5100195786292,64.49970372536616,31.02085911274608,64.50069007513196,88.04305260115702,50.57029411549851,127.18444615225408
3105,20.429204198676214,18.589880009679387,15.381884790441122,21.258575738468622,4.892177162568416,6.5210832157806005,88.60042438062708,75.53026989343942,66.02740238475987,34.24000019861777,62.97851447635855,84.79892913895182,50.54300126698542,127.18447044799063
3106,21.25878263675233,20.879515997551458,19.0844864154737,21.75227958023423,5.156415684004146,6.522009484900198,98.54450146648219,70.63716563652308,59.950545711407926,32.60822647779269,62.08483068734097,83.16798151216135,50.54400606116424,127.54873899575898
3107,20.16710374338885,18.445603049020335,18.58986493811313,21.875481754377784,3.26138315750866,4.892002081680767,108.84919087040066,59.35027475779094,59.34906557012003,34.23906765839986,60.59002426994285,81.9285876622868,47.3101466609581,122.97675362441488
3108,22.70962913917619,19.90169816164642,15.032422828507215,23.51471528794315,8.313382168935142,3.646952265025657,113.54768194131819,56.31635591753742,63.41936386232928,35.90606110933827,64.23111497089873,79.90873847149601,49.346909471667026,125.20426295241013
3109,20.167695756923333,20.880208236960055,13.144727788962541,21.25845443226728,3.261444739970487,5.156422456533594,117.5949113460565,52.580614297789324,56.948741065546265,35.9071179443882,62.74524570387154,76.69947257641566,46.3741344719219,122.81353315759723
3110,19.835059342046357,19.63346925233289,13.14559011018619,24.072494567042465,3.2611599707161187,8.15200156728547,122.28230375255083,48.94147536464192,56.94872883318713,32.60908390091293,58.44675185534604,75.0000173597236,49.15694579741529,127.68510059365705
3111,18.590074718687948,20.879257520784705,13.043458477223139,24.0731131371266,8.15204938286225,5.156348172827706,129.30968851338005,46.1450481295206,55.72216461099394,34.27782521313746,60.3258603066275,76.63100190969499,50.64913333875717,120.13374050232272
3112,22.88436955791452,22.176827525941725,13.043101838817488,21.258849768896688,4.891945151058441,5.156496836547979,131.7025210496109,44.35433413329979,54.198574353831376,27.717013541332392,56.3150798693737,70.10916006012143,52.40287591484314,121.19171185989177
3113,19.835052348605704,26.290168384602598,13.144818474901923,24.072963469278942,3.6461359798236317,8.152109532083083,135.27702851495533,44.35275585244278,55.45876143426534,35.9070644254275,56.31518420941337,66.84800082698985,52.27581121234575,118.30466979107003
3114,18.22905232823585,24.888093262194595,13.144746332811492,23.344588233565446,5.15680159447393,6.722390401495248,138.855581955014,42.67286082459068,51.81655095120462,35.90706549202199,56.31481244846708,68.47800036486733,53.9027496656239,119.73473237376024
3115,22.826227593113693,24.887600594567875,13.144621857395562,21.25933014764944,4.891743209922634,8.313415165553128,141.33147391431714,38.064375087397195,54.00206158713514,40.89125766664121,61.28720943118386,70.12699777161212,53.40774639472275,120.13374642242468
3116,21.445749089295642,23.51497988228411,14.76457009897281,21.874961200803448,3.261215701247643,9.783092376145449,149.15657167832057,33.61276219735197,49.77562890637312,39.669952199058976,60.67761317989397,65.2374255123782,53.4077180873113,118.30565632832406
3117,21.445497206771446,26.289787628662904,14.583843681084359,25.521767793897087,4.611145306276966,10.31257592549605,155.87494106378838,33.57310258149777,50.33265181215895,36.45792676061886,55.4596302017951,66.86787529570891,55.362590338898556,120.36580043637875
3118,21.752325768027873,24.88750944796123,16.627113397515036,27.719308384099453,3.2613657478063014,10.31155349877474,160.38868048186873,29.931394445902082,51.17052627126003,34.58792457772749,56.31536332124304,66.8480002331401,54.41815772856422,128.92735223760513
3119,22.884279370038495,26.290224398403307,15.032430909129952,23.516114804225282,8.152289593347179,9.918138558340898,156.32639837251588,27.861369502424715,51.55875557044302,26.087170167548347,53.232884578772484,67.56008259052263,52.40179998208138,130.5165100452453
3120,23.34414750136425,27.717322367520303,15.381843080411395,23.345170642392144,7.291972266837307,8.31346231668129,157.8920431562053,26.891002069105326,44.35219744643665,26.138480155385693,49.668902504843025,65.94656915785099,52.40284816517511,122.98767722115865
3121,20.623110010370606,28.474353129802275,16.05878858894031,26.341638043717467,6.7229210302454,3.6457124354409993,162.16084230874182,24.510802427763032,46.40329837821468,22.884848707474543,50.014121756032274,61.97769031446126,49.5878123221632,118.6641307448021
3122,23.057762884250174,27.71758829042267,19.700818479982647,26.340268700545952,5.15596438551278,5.156414066896581,161.74237526179127,24.512573050240288,44.35346917195536,22.884682526915714,46.028764030917934,59.056308003079415,49.34580063361218,117.44751910678396
3123,23.344131142990324,27.71717655732219,19.083709278174425,26.989318040087465,8.31361336709434,6.7219012754744,161.33930698667046,24.512317662061484,44.35219480463458,24.456509986662486,46.02915903395426,59.056144257665785,42.889798088108144,118.31634729432042
3124,22.8847244036366,23.51557389625482,20.16719919058753,34.27810031706659,8.152419505043255,2.3056385530858843,161.02539323612996,17.937911248829842,41.568460815693136,24.51066623780125,48.39414801504899,60.9190983794543,46.11551887312226,120.2662738671905
3125,19.835975457179078,26.988927824722758,16.0581265783142,24.238372777111994,4.892294112043547,5.155546183455655,166.08827549001083,24.45673334865542,39.70355515852506,24.510937154414954,50.015524009115914,61.97848580114443,49.8817271940723,117.07457956387822
3126,20.167244766193537,27.135852564998412,19.013403669744186,28.47391523016173,4.611772883573591,8.780105850791621,174.02950754674214,26.087623719994593,42.392319613122545,28.146431932018693,48.17391270724358,58.718908802790295,53.4078560989956,119.59078082789513
3127,22.884125028555864,27.718067003163267,23.344142276487588,28.14622647114747,8.313895194794435,7.291887916310642,176.03401211803038,26.29094443429164,43.90154346467697,36.78490146208936,52.57981243613412,54.0265754130924,54.686017533135114,125.9980678072169
3128,21.44449840484966,28.520598407206077,19.014437543529464,33.01358930464244,4.611751787093998,8.1514156660301,176.03400708184978,29.39403032616042,45.68145313577373,34.85492914609098,52.50442567836414,58.69607825447727,58.53689842141015,125.20428159778962
3129,22.884352923309788,27.71671314069124,18.590039744019965,41.247130508956026,5.156895972735586,8.313363051997772,174.02950716784792,29.348551715579127,44.76992615263637,30.93517600396194,55.45850753244076,62.042727016716114,56.59769546501544,124.98118367974229
3130,22.82628297310541,26.98893241951774,17.56034203944443,32.03284568022183,3.6462994666660933,8.313363352459502,166.08827296974115,29.752993184269712,39.43524982599474,24.94110982798066,49.04837858529799,60.34807687884907,59.81801198749613,118.51787370549887
3131,24.456323165505193,26.98802068168944,19.014022653957905,28.475257129397257,4.892067701204627,8.313559654350298,163.75980624431187,26.1397751690423,43.04551242206443,22.88456092794457,45.91392366175641,63.587320431745056,48.63999093149628,118.3163690136169
3132,24.510417505176953,26.28966203454494,17.635675549258863,35.75830807213588,5.87929185441957,5.878458031850335,167.29994772896794,26.139320240841162,41.568345318308545,18.590462523508172,42.796992512094384,55.435412202249296,49.88182262151251,114.18886165199056
3133,14.764343529964366,2.305875328954484,4.891000000471692,11.528810390685921,0.025542099999999995,4.162179e-05,62.935399761854825,70.03203095593557,38.75450215440361,36.639528613529265,38.75450215147802,135.63117730822768,0.002669948,188.20795407174825
3134,13.145522917833233,76.56162591019529,9.782000000171543,9.917862119342418,0.0283686,3.261000000388512,256.86392897165604,225.1653166910061,43.32188127570069,41.24780111727555,43.32188127268384,120.98196115552543,0.002436305,159.69929843812886
3135,17.33137782159838,101.87267155633295,82.83197856504654,81.07957829216542,70.24186183512997,101.87267155623005,56.52720451185553,56.315156458355055,42.796950475899706,1.6300000129929197,45.47739056939481,136.50967580360097,0.0010890890000000001,183.78352330632086
3136,19.634380574860003,21.196224069493166,60.58898116029941,46.143832365116246,8.152385644523006,0.0018599399999999998,167.26880872585505,24.88847837573092,32.1163448369768,19.632878826760198,37.922737759049184,44.14328302608309,49.04897505125678,95.96064798852713
3137,13.931181521372848,3.6456852617417455,172.71002953216575,0.000266511,91.31954842783313,96.2502579009781,201.69950033928401,178.64170899385758,47.4786789307106,2.3058753297481664,49.048974892450296,206.08725784242517,0.0012927910000000002,189.7198216844339
3138,19.634166148623883,24.239028406350606,77.45896040795581,27.135822011664658,8.152144314783,24.834116982130233,173.66226685194695,26.341540374288215,41.15054060906119,33.25463908465439,50.35994408895082,49.346963742083474,54.19800204501121,108.07704497014267
3139,13.043002938022763,99.93589675404708,65.94667677752996,0.000258708,1.630059476263397,1.6300000007546245,252.5066374156941,312.24843266816026,131.42993742087762,3.6456852660529235,131.4299374239988,38.16774572093718,0.0017279069999999999,184.23900128176757
3140,21.196000000060366,68.10855271561896,27.765944703655833,143.93120944755194,107.96637065848108,30.632530714956186,153.51345784836852,45.68213364279176,117.39100000442204,16.627951368179392,54.19827249145151,85.31358380754342,49.58778292816141,201.88454392574042
3141,24.511264550109274,32.15811069421521,19.701211581567502,38.755175641307886,2.3065836107976603,5.156471485763182,169.79299817551365,23.344318050229877,38.02862085560296,21.195979787396695,50.22718492661144,62.04276713597405,55.76984953311611,120.3657260787422
3142,26.290030398133165,29.93088544271418,22.709161690372653,44.502968354557595,3.6458213582132317,6.722908451618897,168.1958261184165,24.511708976435155,42.076764530186836,23.739575501508217,46.11664590283238,57.274323628921245,52.19979990956117,118.11447307121628
3143,21.258582611589187,28.521418649583033,16.626739697731725,43.32205391021236,6.722633692098944,6.721633959834483,167.87159933814655,26.138130041610864,37.92311468725937,18.228454517885186,40.76058395012988,55.4581211050581,51.06670153838727,119.01135505839858
3144,13.444516818863276,8.314343621571522,108.396571605003,106.29045655186293,8.780078251672249,1.6300000075050751,168.0622045105498,159.2493134912979,31.656741158396,17.63577691942271,27.716911207827586,39.26681091637248,52.63004291114429,95.32168050966095
3145,70.39216531377699,2.305168109725406,151.72681462418146,0.0002181684,1.6300000193558029,93.44750100995391,44.50200239054805,51.815552411467074,91.82661653902825,22.175984577937427,15.467964959896332,187.5630158773406,185.27442477878594,185.27442534510536
3146,19.632875256011687,26.340926191270405,24.45705957723227,88.17874973097871,7.291384372410004,6.723111807421259,174.12229686358742,20.62473703603829,34.548594853935285,16.628359903565045,40.26892824632114,50.570413271715815,52.62978658438608,122.97680236083977
3147,32.608001018640074,2.3065823255716897,2.5822800000000003e-05,0.0001977451,2.306582320246165,95.25122463257026,47.53393232193596,55.00115539654794,37.50000000055258,1.6310000228849526,154.71950838862284,189.89535236284033,0.0017332850000000002,183.79827231623435
3148,13.14458181965049,61.720111892358524,57.25084838673516,34.586572568319,9.917862257555049,3.646132472267655,45.9413315846727,52.80603241547924,37.2509784707373,0.000262001,153.8573287172645,181.6742863313658,0.001562547,178.97616881123525
3149,16.1404195805765,6.722602472755977,156.55596636666644,0.0001687543,0.000205757,93.29193766883088,41.91833304455843,45.301028697777895,35.758539637489996,19.632781896845174,33.61184810450295,182.87024281989898,0.00038730000000000004,182.87024324401307
3150,52.199487129214624,1.6300000011501874,143.48826991082444,0.00017097639999999998,4.21893e-05,92.2320386904934,143.48826991087654,154.3502518209821,29.9757250621242,40.367486087370104,159.63267366363314,177.91962008167624,0.000429757,177.9196204615795
3151,13.144457197763213,27.716705882951363,66.2081087027993,0.00019562600000000001,1.6300018090005615,6.377030000000002e-05,44.532273083688295,3.960100000000003e-06,40.761000000256104,0.00024768,152.40817372442035,187.41458583846574,0.001442317,187.41458603660197
3152,0.003101053,3.6461324716883743,104.00325718457734,0.00015286293999999999,1.7382800000000006e-05,98.6916720144355,136.96669941632203,7.871700000000001e-06,59.79529233144333,18.009008468042214,146.43099192793863,192.03890681319248,0.00011251809999999999,192.03890683205114
3153,0.0033592419999999997,5.15546127914006,98.09821570753068,0.000147424,79.62481018501735,1.6300000015056322,78.70180675181646,9.376600000000001e-06,93.37789556957713,17.934000000074764,183.19750954912055,183.19750954913928,0.0001003686,183.19750957661617
3154,125.79773972919868,1.6310000003782188,142.03476936651998,155.10620424087725,4.6365599999999995e-05,1.63000000153155,294.80239785493694,49.69503882872724,1.6310000000000293,1.6310000012892503,3.2610000000241017,108.54356752022063,1.631000083721547,0.012054455999999998
3155,52.80702017907966,50.78018905057964,55.81623237912599,41.24685243766543,69.36523190331081,68.78864234744908,56.87817188951731,52.58006068691057,2.3058753245893917,1.6310000069286088,8.313362977940479,34.277729796742236,0.0013310449999999999,9.91787688780034
3156,65.64394096209581,13.145449250608781,55.7701022143656,2.3051681107216058,3.892400000000004e-06,23.058045038668624,55.36235422199261,24.672323279335128,3.261000000001537,1.630000002957427,11.528810389668358,40.793578183526755,1.6300000477444179,44.05216722728957
3157,116.90350523852312,116.90350523830983,231.22911145658244,339.0754909515253,2.5604200000000008e-05,339.07549095150637,230.543630773013,28.145229968860086,3.8867300000000006e-05,0.00011213500000000001,300.58878682013477,336.93292119354106,0.000750543,338.37721049961425
3158,98.69167203229728,1.6300000001595971,97.30876986171538,150.00946473144182,6.806809999999999e-05,6.9882e-05,216.00703753594192,46.144357782853504,109.5312479706214,5.0100800000000007e-05,42.42232644493333,100.62587763599333,0.00020619830000000001,42.422327149836086
3159,247.84801962493512,247.84801962493106,172.3714759146665,17.935000000407857,2.5064700000000004e-05,214.4317068439386,214.43170684393533,17.93500000000007,40.76100000001996,5.83561e-05,40.76100000000357,40.76100000016078,0.00015800180000000004,40.761000388701525
3160,113.0774361650609,52.19948694233752,221.41535729257902,337.7995698428433,4.37882e-05,337.799569842835,111.45588126704405,53.407703985476566,0.00028179769999999994,0.00028883500000000004,3.261000004539365,23.172281545480526,3.2610049085203467,3.261098317367825
3161,202.49005576847122,39.16497570546646,215.9386668593666,347.6918703004307,4.872809999999999e-05,348.83687181547236,219.72786087573067,342.37587045964557,2.305168110143338,2.3051681131437305,40.891236738532314,48.39411834105618,11.529817517416573,13.144463960932715
3162,192.06650734056157,192.06650734055754,97.24078819611036,0.0001406224,4.0907899999999995e-05,204.8970744203161,35.75858540290166,47.53529203865442,186.25541757758916,8.78097545842445,15.03197914450781,186.25541757761732,8.780975462763976,186.25541789495574
3163,23.057861073848578,29.930886018822893,16.058173734671698,25.779558159326925,11.528820258691919,6.722693223311687,157.4441291307893,24.941474019305634,39.19842579500151,24.456062562913207,45.6814843222206,56.59795208911151,56.59772344563886,121.83604267388637
3164,22.176730476555775,31.657589145151523,19.70121382332572,27.3316352508298,9.917047302779626,4.891078325114022,154.7626981370072,35.196082936203275,37.25117065966644,26.138284225495813,43.90079630305089,59.0563820612164,57.64433483131342,115.11673346698656
3165,24.941356161686624,28.520990421257274,16.058245931919167,26.34237123489449,6.7228792648704925,8.313695900552514,152.61817677295772,35.795663938823054,43.75005901876205,24.45733845810346,42.79729174091248,58.69607850942009,57.43672205895313,122.50074980018736
3166,24.511385893939952,27.71753972086275,14.764333055664089,21.259701030860274,6.5224157670863505,5.1554760809566895,149.15657069405526,35.90738560933147,43.90099456455052,22.82615956797159,44.858955820956496,66.86695057158212,55.81646999699508,123.83837299798526
3167,19.08444160558027,29.166880814738082,18.008331638750025,26.34059375742315,3.2613476907010632,8.152828495870304,147.1462278213142,38.06277278500222,45.213389775573816,24.457042508627257,47.53535857199416,70.10801191273998,53.08232520188881,119.73471795399408
3168,18.589946567634986,29.393585182513256,16.385350847419293,24.834877703105892,6.723096405082696,6.522857796359248,144.92563040595175,41.50453497174635,46.94422340432901,24.510261817588212,50.569284996697526,65.21809232940727,52.4029286149086,117.68571179659297
3169,19.084191277541617,27.13739534669472,16.385434524446246,24.073598347900262,6.522392789183978,8.152405652215533,147.1462266253075,38.06271912773763,42.328716047287884,21.195010453986587,44.352192533804576,65.23839514021799,53.903913409986856,121.97790079654868
3170,22.884684053596413,29.931258984084845,14.764439659341457,21.259958070134775,5.155959243986436,4.891033899299839,140.8697751515771,41.75979277947754,43.32192562816264,14.67437424421237,44.353492060107236,65.21704515417372,58.78674893078161,121.7488449287751
3171,20.167346830096424,30.327912111880558,16.386371999513788,25.521319343274598,9.917184549578572,8.313917940634289,145.41047446003844,42.79694056636941,48.47603490594456,22.82601421793843,49.04828391286361,65.21807596220246,56.03022994856974,121.97883967447576
3172,19.084266569751765,27.13645202158309,11.413036083032473,20.430555838508173,3.2614308626956645,6.72260295854581,144.92534184454917,40.49918402052197,43.32160709853382,22.82606442684081,45.91357524404874,63.58707956613888,59.50574882048608,118.51908445597859
3173,21.445385434616973,29.029278069771145,14.67402628250094,24.83492776436127,9.782036468830029,8.314171845700825,147.51593631253402,44.76993633746093,43.3211004382631,19.83498087852168,49.506838040949575,61.957234853005374,62.29836021833886,119.01029259803153
3174,23.73928513995792,28.844974307232327,16.385513331167886,25.312663166170623,8.152020835459192,4.893023291095618,149.52071121245046,42.51604720957076,41.791195624105136,22.826144541683448,42.79696281419969,61.97853084808261,61.72013455219084,121.19162851790567
3175,20.429824655585186,25.46921299891614,18.009011237160383,24.834539707009395,8.153283221485895,8.15219905013511,147.97462518429623,44.770525923508146,43.32188291747995,19.565096181136038,44.352191527333694,60.32605605039358,64.60333033813325,118.11344602416807
3176,23.34450627255864,28.845553745649962,16.38576982225255,24.941655673681442,8.152132471487244,4.893891847200544,143.89444127300837,45.68147444119009,47.535103861231,26.13787636582661,49.50770402713501,62.04187131005125,53.902734304986126,123.36436438914524
3177,23.05781486837165,28.84554735534909,18.22889178634294,25.781338881175788,9.783015215183728,8.31406497602236,142.93081038229585,48.476197732641374,43.900823562248945,29.348000114992644,47.53526067848192,63.58703867091455,52.19954746466316,121.97775290285468
3178,23.344376245957047,27.671148844498713,16.385369388878576,23.05819370415841,9.782064685406432,9.783396734633442,138.74036972960243,48.476689153154815,50.0144182559774,26.087001447389454,51.17154678112126,63.58702699376103,57.08832122729858,121.54222600973755
3179,25.77892855376702,29.97594062610082,19.633002082492645,23.058549899202806,8.313696589805561,4.893789995749711,136.25604095469498,51.99626786222633,49.04901108454915,21.19604748856317,51.55914057068094,63.6705688629551,55.43501532579243,121.74989808283566
3180,20.42998902386297,23.17352572939923,14.764500433841322,19.83522707821828,6.723107895766292,8.152000613238677,131.49983663218,48.39492119156291,51.559050803945276,26.13793816994463,53.97693119281235,66.92763845927843,52.27482253248211,125.71287257876803
3181,20.168486478186797,21.936224492625097,15.032009336625146,24.834729466721395,6.522177787874913,9.782015532323777,131.0250240720743,50.2279869880999,51.81520599682493,26.137874497135005,54.80714578670195,68.47811913099893,52.27581193730818,124.43774081829035
3182,24.2382378434458,25.46850287448947,17.023192545019388,18.229627866688773,3.64570562758004,4.892074431587831,125.87189287897667,54.00143720999765,46.944324047751685,24.457038335616314,47.95341040377405,71.73900187777485,53.08314307592501,124.18101615586293
3183,21.753511740620674,23.173481501560538,15.032033307726863,24.83403892979484,9.782016888317493,8.313577868858168,126.34541765162088,52.50513471889203,52.681228144861365,26.08700003426167,54.80847044856,70.10907423654002,49.02162801452031,126.59843601754136
3184,22.710186192456465,23.05816385587829,16.627171235024992,24.834648568160254,5.1557915754056545,3.64568641375102,126.3453967667192,51.17142987830862,53.1086108908828,24.457000841842525,51.06669997730925,68.49841214304027,50.569333047528396,126.06088668560534
3185,19.835170506381452,20.879982523917313,19.700833666385716,21.444495561123027,4.8920993262888075,4.892066277783285,123.23513137991492,56.87940839384931,45.41923442526803,24.511272247404822,47.95343066890887,70.12697098054674,54.19785737479582,124.43752870563479
3186,20.16842301449676,19.633647921009725,16.05800478278687,18.590209839615056,6.522205179749859,6.522174656382651,120.65257598366358,59.07953073093332,51.17100499492354,27.765953759051012,53.97703061226181,73.38712386004937,50.64803826057317,124.59758615578443
3187,20.429449580984986,20.879262628769368,15.467983687762942,19.70081307745401,8.15212968152027,4.892114598537569,117.57164978715412,63.44116508538922,52.63072186496261,22.826003421536637,53.10760513034491,73.38815959365925,53.804015676426864,127.84123483984065
3188,24.941574889483064,24.887326286102176,16.78676266262447,23.057763430041867,8.152189148571672,9.782007289476105,116.04711268729112,64.911661118408,48.2833482728697,16.305001313616174,48.47637759832116,73.38813470469681,57.06504829078059,131.89429060697125
3189,19.700746171434265,18.589919608368678,18.589880040001262,22.17694851699897,8.313858143136414,1.6319462553515383,112.02662541517698,68.73036789643193,52.63008288222408,24.456218590918734,50.01411518830607,70.41172950226112,57.08828463849738,126.81865171452489
3190,25.520260642391904,20.42987321968713,18.229774237869336,20.623426227069945,9.783002129562545,3.2612876847173093,102.14693601156031,77.86974136814871,51.81520655261366,27.76597516352296,53.233816305695356,71.90560415595407,57.436495333254,128.01780768833387
3191,25.520498299937056,24.238256062753358,18.589934548618718,19.700779114137003,4.891201770355543,3.2621822452345897,102.08187638741309,80.94869173689317,53.631764596755076,32.648772624401126,54.68617880921468,75.07086763447658,56.03119072337908,128.0177822292653
3192,26.34076442587802,17.561096230819444,16.786454792182944,21.44539256234359,9.783000492743794,1.6314804464905204,93.3345442680769,84.5637173638329,49.50765989579685,27.909186375809913,48.94025468193139,68.65351970704411,60.677551807986546,124.59866739742452
3193,22.709613696969836,23.344769287298654,18.590340596653984,18.22905350266463,6.721875243689152,6.522274504030085,93.43415946262695,85.11100627416302,47.47994335934656,21.257682454689167,46.029871883280634,67.1654253609695,60.34809261378091,125.92462593270949
3194,26.340798272607973,20.62360662699833,19.0147968423251,20.623676150242698,4.8912167531412045,8.152352752564365,97.71677847447586,84.16907456932529,49.04829456488883,19.566013517168034,51.17009006210757,70.41075061371849,63.77391595013613,129.63806196923036
3195,23.739476827470874,23.343867543118385,23.343970376664057,24.941338747597577,1.6311182571723895,3.2610785135658964,97.71766949171248,86.78153594287078,45.91391002350301,19.56505793007833,46.40238707281442,67.16546530362828,61.97845176394908,125.63824225395997
3196,24.673457102335828,24.887236354360006,21.87421034864584,24.238022044396395,4.891037415023646,3.261402384389292,96.95335856350437,82.65503821598513,47.4786901913901,21.196173206612606,49.048036166042074,70.18382977975742,58.71765661361208,127.21584573407493
3197,23.344339157614236,23.51457350329294,22.650633018301537,25.52026446555633,8.152026683970355,4.89176869971631,95.41956073919368,83.02456103612724,50.622418388230074,16.30419826685247,49.50675124087304,73.38812438866834,60.326039874570945,130.59799923228482
3198,26.341085670928067,20.88060204846603,19.90263632387312,20.879198514032986,4.891210370909862,1.6302920646816585,100.83687012790902,75.79430760095197,47.952386909131036,22.826049341629883,50.622207380454654,73.44243698674592,53.828688132830415,130.47576590318798
3199,23.7396671702496,23.51403780468185,20.428314480702994,23.514580796911634,9.783000281529656,3.646731505485994,100.83685764132314,74.25152465658125,51.06672146090721,19.565155660562095,52.19906036670328,75.01773997674088,52.27592797159684,132.06600273998455
3200,25.310846261300124,23.514030184964977,20.42832302090528,23.514605699864426,9.783010371047622,3.6468982150042444,105.58824947484882,71.75791544478307,51.06670003780014,21.195200268245728,52.19880888057286,76.70035642412434,55.81747305294485,130.44520094060204
3201,24.833732843704563,19.633472105874777,17.56126683990934,21.258433944687052,6.522109713037693,3.646451219112778,107.1757916800928,69.65210470967436,49.50671760861579,23.05769510163444,50.62219282822653,76.90705336528929,57.43657683160526,135.3358283774034
3202,23.73952131231305,20.87918658233836,19.0142415152316,22.176836567483214,8.152235060193597,3.2621743439884012,107.5584893989484,67.8742130158079,52.68092238063997,26.138035018322977,52.19978376165982,73.65932943573577,55.0012221394486,128.80400307433067
3203,23.05780425092417,23.514609633043843,19.084294458440553,24.238073192290734,9.918080684428897,6.522452388385953,105.26104126563953,72.20128118874632,49.58803023923445,27.90925481778582,47.95244362221834,67.1654049828811,59.25841434415178,127.17400573147312
3204,24.94128233736396,21.257590501204547,20.42883668613402,24.888101714084637,8.152049990364493,4.89202127979184,95.90572755606661,82.44580616196374,51.790443926633436,29.347107632411117,52.09750426620973,65.23738165808525,62.04277867030727,119.20057562506925
3205,21.444444345587705,18.58986988287784,16.786368687656335,22.65063918876322,3.2610398523912822,3.646212873351806,95.6965074075328,87.49824420677423,51.81658370936109,30.979007565862993,52.097513286863254,66.86793108337669,60.326017832840925,120.69706245726435
3206,24.2382761990245,20.623555536452887,20.62343145341329,24.238084687906298,6.521139413851018,6.522280147571218,90.83686832043999,89.92625925341402,53.308091969702474,26.087006915513026,51.17101010640719,70.10902938443611,63.60788841905572,125.5545962959492
3207,23.344521994221488,17.022330332574754,20.42881666087234,23.739538998421235,4.891133430237228,4.891430131126191,85.11190762424242,91.2606806400173,54.197639094850224,24.457008035944945,52.680843658517105,75.0177459835729,63.67056540782372,128.80500174794605
3208,24.073385517781777,19.700055325414688,23.51401867189875,23.739489095139064,5.155550783732149,5.156272223702772,80.53760803082449,97.96233722738587,54.198290684616175,24.510374647882408,47.952389955599216,76.78599774824428,62.29922432399584,130.43500675458455
3209,23.34418514340187,15.032417550668127,19.014816364664938,24.073370176776272,9.783003990334272,9.782000008260257,77.30391035986158,107.81852805176842,56.22109081976089,22.88422052322772,52.20002042098381,78.26100013395722,57.06502805451185,128.84532010183287
3210,24.834649480472986,17.02317531312022,20.42991606460588,25.520259150274264,9.78302375718266,11.529043012008245,71.51621317826942,113.95590301941064,53.10892142586982,19.834902335888735,50.622404685574956,76.63100979230012,55.43502105299468,131.0856268797119
3211,24.23825412288141,19.835360909023976,22.17630181124193,24.834126739991024,6.522000257019439,9.783147392572817,67.81513897055483,119.11126005776657,49.507698492174576,14.674004025321798,47.05710210475444,71.75754020491422,58.71873091428758,131.08567650691523
3212,22.17686920167276,19.08433669489302,22.176951479072223,23.344338608987005,9.783025229422865,11.413012325128244,60.52441453753544,123.23611423416112,52.63101434235578,16.386273175458058,51.481899116629,73.38813519660333,57.08829277786303,131.45021074922386
3213,23.344857841832695,16.62793304745992,22.176431201118817,24.238338976324776,8.31358181080211,11.41300459377811,59.07976393551888,125.28927325467681,51.066712411246584,16.386437460724164,47.98059530332156,76.64735903997068,57.08836478536032,131.2568772415816
3214,23.34440280242238,17.023086834308305,20.880200593796253,22.177057311346253,9.916956775604884,9.78203665201085,57.64453106297253,125.28927805244344,51.066731043028064,16.385480635514018,46.374148834274344,76.64735795723291,57.08835174277624,131.44908983739077
3215,22.709591278929942,23.739498841148723,25.778987985236704,25.312078230410116,3.2610003100404876,3.2614732053377593,60.67814283932908,123.23517394171752,50.62215799648531,14.764380159157385,49.88174677877448,73.369000057709,57.15817357887049,131.08556885400952
3216,24.83372944737865,22.176754894350317,25.779864656850563,25.77925576918792,3.261036424293534,4.891224235017772,61.97829127094818,121.68344693024682,51.81653100739291,16.305000023639504,51.48188709535825,75.00001649842491,55.45798935508257,132.31638672930828
3217,24.834133776744004,18.22985771964676,19.63355500411781,20.62351348340103,8.313367561518058,4.892467705759886,71.51629708215827,110.41372013781714,51.196244135862436,17.935001784666795,50.622452397096076,73.38712659837734,55.43501045731389,130.4452217127905
3218,19.70078223469527,19.835177031368904,22.176335678931476,23.344343454246644,3.261075919310091,8.313643545455848,77.32154188304695,105.26104193791889,51.8155540123113,14.674009490344497,52.199070738121236,76.69933665128858,60.3261066984976,128.80400991777435
3219,21.25845651920719,20.62380476541453,23.51457649211783,23.057856029263107,3.6461341745163556,6.522183886442993,81.14580107614,100.10946604318978,48.639952698047345,14.674009498307385,45.91386987342553,73.5328422709897,63.670618877553174,128.8452795899834
3220,23.345000210326152,19.835292099014442,20.879901233459957,19.835905062517583,4.891170237567303,8.152011204743022,86.2906659681869,92.8055894021634,49.881762048769744,13.044004164325024,48.284463384425614,73.38710555262637,59.056484680566015,130.44519035711778
3221,21.75313624467262,20.623440957278117,21.258621056735766,21.196307699763253,6.521013980280152,8.152023997045138,90.55850729643292,88.73500304637392,48.284514120409526,13.044023562262089,48.64096934571964,75.01774343170102,57.08845816674001,130.47576055826198
3222,24.072698729239644,20.4289518031157,23.514021722035643,24.834248384680908,3.2610670639218933,6.5220928046793105,92.94936361232443,87.65014838529275,47.05805542381116,13.044023419923914,45.91387101280505,70.18475465680453,60.34825737108289,130.5969560210915
3223,21.87502491381951,19.70090032261901,20.42881140072932,23.34435530576166,3.6457270436807447,4.891230987821491,96.41638556467404,80.43921609650238,50.22690192931533,14.674044309450627,50.62241337200758,71.8130789195494,61.97855995289157,129.17599011418326
3224,25.52042166844187,21.874266290484847,20.429189690395084,23.343993219751436,5.155626878245184,6.521043922283931,98.48896083041204,77.86974750109901,47.479034986464576,14.674058989443356,47.47897209472223,70.1279458677324,61.95711675052227,132.2259458657563
3225,22.176999967624692,21.874566559323664,19.701248676252007,23.739478283494154,6.521165041311652,6.521125324975835,97.9619925338711,78.39664755895758,48.63994751354884,14.674079750622877,49.50671768849172,75.07086128855617,61.95600183011718,130.9333659607233
3226,21.874682480208122,16.7864429342529,19.90285049647469,19.902502207880467,3.261000724000097,3.6462391735754447,105.72711362406417,71.18150608136946,43.16790821236336,14.674030701218054,45.47766096140933,68.49742085879751,57.436390724718734,128.89784640924157
3227,22.65095922967058,17.636138214211854,15.467765451042432,18.2298025790764,3.2610808342513002,4.891487024676258,105.72714111354269,72.36648789775911,46.37417465008681,13.044001340216507,45.477393318211824,68.47902935903025,57.15825933941307,130.475775049954
3228,24.07294984128874,17.636138708674544,15.46776068336661,19.701177188795633,3.2612754518740297,4.891561891625229,104.81833668407528,69.6531266590596,45.47765997610798,14.674055435094429,45.09594239123193,68.47902015392341,58.78555841064511,130.52673929482393
3229,21.875161456190654,18.589859160590567,17.561062032043033,20.62357336507995,3.261010433286155,4.891542449955453,104.16883382107663,71.75800183780706,47.057026981695856,14.76431976542149,47.05702276423901,66.84804287453396,60.41412869132462,128.84529137850217
3230,20.62401958974112,20.87918413301517,16.786345459200557,19.70099483869482,3.2610153388176752,3.2613977326430392,104.66637068650094,70.24113225650339,48.28348178592864,14.67402165886855,48.639945106386,70.18386426901199,60.34803197293622,127.26802784258287
3231,21.19677668528899,19.63285805884086,16.05811044744787,19.08425887373802,6.522222298787499,3.6462765217302247,107.26249261303207,70.86303962891687,47.979630811282114,14.674000957496233,48.63994356239172,68.47807637165339,58.71869179197831,127.34112848755684
3232,21.753529442221687,20.87996543124728,19.013880902554547,22.709784744260094,4.891339994750027,6.522777298391892,104.16878394622881,68.73028991227228,48.64091586824835,16.304085994808638,49.04801101602492,70.12704396249745,60.34802555551229,127.43501841387383
3233,21.753005612330583,22.176341289751075,16.786503662307883,21.196325172527526,8.152074252755295,8.152018960154827,106.21643216846932,70.01441508387514,47.47895714068715,14.67401285049183,49.04828371223903,68.47805109784473,60.34825779287714,127.34112774940486
3234,23.057913245549727,22.176794143679235,18.22843276383427,21.195750046610087,6.521208308828142,4.891964512447346,105.26104062549686,64.91115938282496,47.478954099201225,18.009087712336374,47.05700823509394,66.8480570882093,57.088274854403586,122.38082050220154
3235,19.701050448478323,18.589979935121026,15.032141097304937,22.650528108820424,8.153251616067998,6.722817753561439,110.34079159270559,69.3655109314096,44.353192960471745,14.764253985827537,41.91859078178081,65.21700362116682,55.81658893243324,127.26804417094691
3236,24.834396241046065,19.90168298187935,20.167405785729468,19.902591132162076,4.8923048888968435,4.611773616584547,110.88172387347976,66.54879791046636,42.32867029361568,17.935001076146303,42.32869296032508,66.84800005513429,56.03119774105227,122.38082117826154
3237,21.195424629014248,18.589863330850033,19.902502729406706,20.42922379717935,3.261109902092965,5.1554735689409386,112.97155672563859,63.77541499201273,43.90050203421284,19.56509099768217,46.9442216587984,70.1090016198707,56.03123646809361,122.4558199742041
3238,24.239113169027014,20.87931209882014,18.00893087611911,25.52030472119213,6.522066106934587,8.152036456272738,114.50299220287313,67.95184798801556,49.50766259755178,21.196062198432042,50.569293196311186,66.84802600932173,55.459032342584884,125.92454662356464
3239,23.344239165548352,23.173347922082566,17.023231727653886,24.23838748201945,8.152000095835364,8.152014376588143,115.65802413105892,68.2838994462063,49.5067467203686,22.826000006992597,50.01536134164549,66.86790381027356,58.718658851361816,126.06072058056886
3240,22.6507683171825,19.90251572990735,19.08432797202184,21.25843245044188,1.631000000442645,5.156452676245598,112.02664486469726,64.31399695303976,45.213439832965946,26.13789006625679,46.02987484135161,65.21701306500444,54.41809072488087,123.95593866146865
3241,25.52039850851304,22.650529328669123,22.708697338795627,21.258603271756975,4.892174162721515,3.6462133710379283,114.56043542584676,67.85357163980929,45.41939975028406,24.51037019154299,44.859905368714315,65.23739214392923,55.81735064837113,122.32553136337843
3242,20.429767288469616,17.636191503003882,17.022950411117566,21.25848332070398,6.522328978061682,3.6460765876108217,111.44388848976831,69.36543448415401,45.4183089182608,22.826020366285103,46.9441984281982,66.84800550611378,55.81633286370351,127.2680212107184
3243,21.25892163699934,17.63558483755222,18.228097789911157,21.25843140519724,3.261008770145948,3.646207789758467,112.02662792478178,70.0144910393825,46.402472831084495,22.826230689277793,47.952386821844065,65.21800911775973,55.530862001939155,125.5863514261355
3244,20.429663179138508,19.014222433223242,18.228081231335455,21.2584610022517,4.892108487799448,3.646337093528288,112.02662433563019,70.78839774659536,46.943373263725825,24.457049799925212,47.9523883019981,65.21800558191184,55.52990444181747,127.26801986704669
3245,19.834940263202224,18.58988717255923,19.01436994778428,20.167111733506726,6.5222124774738175,6.522286907440913,112.02663041855027,66.92757079317177,49.667867488339915,26.137875367404682,53.30770223646145,65.21700016620156,58.69603047663949,122.4567521190511
3246,21.195422597718515,19.63346694422571,19.014225634952638,22.650588379581396,5.156689532854232,4.891018227589082,112.0266317044265,66.92758139991709,46.688222368752996,24.67247846693201,49.66786363485038,65.21800105810905,61.9784626725036,119.42332303413063
3247,20.1674088870887,19.633492046235805,16.786520081570384,21.753002728535797,6.522190714409396,6.522302486409603,114.14209708316672,67.85485021007239,51.17140035832994,26.087000027324635,53.30810072936796,65.21700566713672,61.97746959740568,124.43749587234909
3248,21.444618203879113,20.88058852987472,18.228538114844064,19.084047643431628,4.892237634453217,4.892134298033978,114.50298012767718,67.40242905684538,51.816122969451285,24.45600344509215,52.680838990525295,66.84801941416667,60.41415102866952,127.43500863698323
3249,20.1683149952157,19.9017840848624,16.786503762308897,20.167089684931778,6.522238339294562,6.522253314253356,113.54645098553712,66.02813849051398,52.097505214791596,26.13788392899334,54.80752973278408,73.37002619260822,55.45800405292023,127.5497349565351
3250,20.16824846130788,20.87985594746105,15.467712763692692,18.59020986938016,8.152167676501495,6.522403851461526,113.54644942183626,64.16962643739026,50.56928326364177,24.456014323841877,54.197669261646006,71.75753191314445,53.82871878721342,127.34108254005507
3251,20.62359187737004,19.902504392317677,17.0221059423483,19.084051646071394,4.892165794019598,3.2611743652753047,114.50299070940387,63.44073494726567,51.55873162573179,24.457019678419975,51.06671077423493,71.75757357125744,53.82871713483913,125.713301729348
3252,21.445557984624273,20.880775919204364,16.7866111482146,21.753022227556745,9.782063016181386,8.152260539934662,111.4435503702932,64.1707481257976,50.57025350331962,24.510268707211004,52.68086562802485,75.00000005900405,53.90273302208343,127.54966858188789
3253,20.16832476045629,18.58993392130282,16.7864610515037,18.590073184889746,8.153192003756283,6.5222186317547,111.44388965226248,66.36904481145339,49.04864999507856,24.672456750897318,51.17114491227807,71.73900582237948,52.27582684595843,130.68951387078937
3254,21.19668591165548,19.901742848112605,17.023071306760237,19.08404499324921,8.153183319800641,4.892391174257778,108.39657172250526,67.086184884204,52.68085379473117,26.137876383672133,54.197694351025866,75.01774432020544,52.17400110356081,127.26703615941467
3255,23.344369603367074,19.014136095255527,19.014795689363204,21.258462410293372,8.313692694450749,3.2617628070483278,100.83724206105043,74.377498050973,50.56927687881887,24.456004909347197,48.17300159519412,66.8480002698962,53.8287379551862,127.26801810899163
3256,26.988922054079417,23.344919911307166,27.717392751412127,28.474709833764575,1.631065829363148,3.6461646733212785,83.15284345338918,97.51271916710132,43.16771939270145,16.304004702486136,43.50522630359314,68.47900521336337,60.348085371078845,127.18444737154007
3257,25.310734709772532,24.94035457265996,27.135831658714295,28.14553405443929,4.8927995826831046,1.6300129520970026,63.77496774453789,116.5278596914531,47.47897746774786,14.67404621437398,47.057113699077085,66.86787033247835,57.06508252772969,126.21903140745918
3258,23.51556583015099,16.626979521284813,21.93585038788548,27.331164705817407,6.723452905174556,0.016361999999999877,44.977636467890314,139.59124708345843,51.066725824611325,16.305112387546465,47.47867916996314,66.9275020500987,55.816356315744926,121.54109111122287
3259,25.520352469845605,23.057963135329707,31.149874467960355,28.474505311930585,3.6463027409149866,1.6306487531191336,34.394613310892304,156.59764611951712,46.94422818115163,16.386273930650137,41.246537414191394,61.978498666679755,56.596793552328535,120.3647353637711
3260,27.13588587489117,20.430521468939663,27.13583299675144,27.86093274577605,8.780450354226979,1.6312149592745566,31.489391024160607,161.74239739085857,42.3909090256825,19.565238716386798,39.70386907652181,55.650494598241224,57.898327246623786,119.01025751795223
3261,29.93088446753349,25.52046231935484,31.149705321057542,28.474544618662346,8.313822139387918,3.2622441704938008,28.475849967091026,168.53540694572084,41.79094669883539,16.385552933813674,34.54865163093461,57.15852197445734,60.12774524998266,125.99796677709892
3262,27.861060295185894,25.779179501698724,26.54088872453092,25.31166776001371,5.155748019504505,4.891937441875625,26.89257658804221,172.37147663148443,43.32113326368534,14.76451335691038,39.1989019485613,55.4595807759705,56.597682587390786,127.32106743219576
3263,26.54159470668483,24.83537650966718,30.063531284481968,26.989084869504385,5.879500760117775,8.314226719323917,23.74229432144417,171.81553116978395,44.531436981710605,15.032096332006951,37.64221112246477,57.08988345547062,55.16962423683818,124.10668150937506
3264,25.311683829516387,24.83648659013141,25.36324722041279,23.34415258520247,4.6112591999361445,9.78237396582724,24.675853222435094,174.78374735673378,43.9012109047302,15.031999925160518,34.54788785235483,55.436718965263395,55.16964069159492,122.2284113918247
3265,27.331399927866332,23.740674961532537,31.14891172545663,22.709734243794287,7.292194850927217,8.152052662195196,19.635634528107893,172.0860137972057,39.435233074270585,18.229093823412093,31.36177600400885,44.02136835637202,55.72143813483986,117.40294292651997
3266,29.392848726579796,26.34245324794032,25.467835239798696,21.752009834891705,7.2911030973125825,5.156102671340933,21.198428934952833,169.4708449800765,43.90077558523232,23.058839684289488,32.15669252905837,52.19869538278676,55.16981158052497,120.89445732014757
3267,27.861059944596523,24.83657635496884,26.541553921850227,22.176722892496162,5.8790405300464545,9.783004380585913,21.446894485522222,171.3195447323563,40.891390437226285,20.168169231938943,33.61279190159086,52.17439072654704,52.63005067534905,116.68726226170462
3268,27.861087793558166,26.34352590947159,23.173081854649958,23.73950266729972,6.917912073167881,4.891352955737317,23.74135027883843,167.26859146313458,38.75549323254684,24.672467914312147,31.3626182982624,50.96214163114325,46.94428799365112,114.69930333225263
3269,19.083714428827165,26.342938533815023,28.050934098585074,24.67244674585228,8.151888172745325,4.8915089836337,23.059158839040524,170.4799431042766,39.400632064365695,23.34435119596037,32.15673004755773,47.39440190841447,49.04877226994132,116.32230616898094
3270,24.45610622463359,24.074894783778937,33.45401515816845,23.344312586414365,5.878123835631921,9.782150204105411,18.23094258330712,171.31968540910046,37.21493830809995,16.62791649875982,30.632956741627737,47.28317748670152,54.807585538766055,113.07750176304219
3271,24.456001977576502,25.52136773368828,31.148994857648535,25.310980957208965,7.291976673558166,8.313636615362908,17.93763770542922,176.16198678698387,38.02775616703159,16.62790387977297,30.63311960283778,47.31187431766889,54.80760865036754,113.25365003621572
3272,23.057934841857854,22.652219922920604,30.328380626749986,24.23802408186152,6.9169281333968575,9.782244906380056,14.678315980701942,174.1209649122718,42.297523123121834,18.22906499571563,31.489315985529807,45.682009923614814,55.45835289024042,116.49357079914076
3273,24.45623659479573,23.346055433674398,30.32776296998482,23.739478933624532,4.611807675352657,8.152739742624858,16.388145739723118,174.32685952745618,37.922949319319976,19.834974388666318,32.11634384440981,42.3936966696512,51.81580242016952,116.32243453850808
3274,26.087100680518876,25.522152488375216,29.393153868296903,27.331177407583418,8.313610048758399,3.2616673798050217,17.93734661808825,174.32788532571752,37.250980987426885,18.009114271385585,32.11505702972368,47.39619034637853,52.5035225167818,116.0477284380651
3275,26.889947603769723,24.240224051991714,28.52143902579172,24.94048136162377,5.155923028518243,2.3060787225036528,14.677554770607978,174.12093003210174,40.26880114977552,18.00898891718314,36.09112723536576,48.94071536161304,54.80775120890047,117.67373076160781
3276,26.889977181515125,25.52142684555276,28.05137656617438,26.541549174710905,2.3071042801158375,3.2619785485554864,16.387247938789997,172.50316260662896,40.268813604159796,19.56508695071146,35.12087473067737,47.31224499695604,53.63100005977214,117.67375566680327
3277,24.94141845620975,25.521912070643083,28.521420039300708,25.77922122176887,4.891399723087937,1.6318348583309812,13.147328909133753,172.3103611159619,40.89144753484769,23.057834112371594,31.48930577760687,50.5705289838824,50.570479048797864,116.49382090593211
3278,19.701253683922793,26.292061048083784,29.393287148609694,27.33113526014527,8.314554058826982,1.631007554027906,16.38667606228435,170.8845337729525,39.40069570470557,18.229219324428456,32.48681092516961,52.2771109644638,53.63106327856235,113.67559385760876
3279,24.511257794574714,22.652347072220486,30.328354433687363,27.331357607476395,5.155541559374896,1.6321775749351213,13.046681547673401,174.32685975251079,40.85850465054025,14.764254319283518,33.61312617179324,50.964244740218476,55.721744588669345,116.90362120526287
3280,25.780275236985425,24.83576071946454,25.77982444815644,26.54172665262185,3.646310586843745,1.631827709356626,14.677354351197835,172.71102302024457,41.56828068125219,16.385292637226748,35.609492765681445,50.96323999559263,54.198887414779406,117.14223261319354
3281,20.62348450997446,26.291830825218724,28.521435621741762,25.779215195062523,6.722914120696213,1.631873875764942,11.531555841025495,172.50304087309257,42.29707561394953,16.38530110468053,35.19664778463455,52.80785180456794,55.171129602938535,117.40301760077347
3282,25.779992102640865,25.52191147615157,25.77977315339453,24.672461228734246,5.156084296736202,1.6318978263436388,11.533666646630646,172.50303901172205,42.297181597581286,16.385374486803833,35.19687142073442,49.58900773198565,53.7803365967826,117.4031322561985
3283,27.861473149539307,25.522443067857477,23.173055497418407,26.29004021142614,3.646497899921059,1.6313517656765795,14.676109367258888,174.12080910096094,40.26906325297327,18.009013886010557,36.091737820968554,47.31178783676336,52.19937125769578,115.0697299894008
3284,29.97522744171258,25.78213733753663,29.392497597037853,25.779272591488652,5.156005639663384,1.6312598454032678,13.447348419445223,172.50305698282395,43.748719649536895,16.38537743250444,34.85499743235629,61.11500264664743,54.80792613934896,119.01055560429606
3285,27.331141175947998,26.34317468167882,26.29061781707601,26.339820474301504,5.156788162279476,3.2629401772076343,18.230532133118217,171.0945092858193,41.79094833819431,14.764297533779148,37.18018019385074,53.82923723009005,54.1985327476817,121.74884495883602
3286,27.718086177144322,22.651558345180604,27.135828572996015,19.08409379652079,8.780348332214691,6.522128794814151,26.3412418425077,161.64306833084493,46.9446163700951,16.38641024069641,36.639529320470324,60.3270239886935,55.720973753598486,118.11343844547604
3287,25.468693082236474,22.650720289157277,26.289867760227057,26.339892395338797,6.723253586135928,1.6303522516072977,35.75851540725123,155.74730176862568,49.04961665540683,28.14524464150418,42.51605079280444,60.34831637492057,50.622471430007934,115.94474512239228
3288,22.176216146737325,17.02189081421928,22.176208747263978,25.310720440766914,5.155485603759279,3.26102306120275,43.076170832416004,147.73257846326024,51.81568990468457,32.77065539534047,46.14383299225726,63.60792677310293,47.05712687493638,114.1776966286815
3289,24.886912770519384,19.565220693849607,22.17647434489942,26.889715010168246,3.6457251411493945,1.6302900806325804,49.58822893948348,134.31149600911215,54.198595193558425,29.52866146084081,47.535306755620304,68.96169713607122,49.04942156967072,114.13104954413745
3290,24.887690803862867,14.764421549161458,21.935813858968864,21.75298404163628,10.312384357195379,8.313708938107508,54.49176976534228,120.89452615099859,55.77012058045163,27.764887706576506,50.332292945845936,70.78814352997715,47.47902701445438,115.94459079790157
3291,21.87525158783011,14.674020579915219,21.935098050716874,18.22914016161399,9.917556803365617,8.152181876468703,62.915306183638826,113.92065972034801,55.7691381426701,27.7649117022559,51.17106335190179,72.40397040300198,51.48207847765666,120.92717785914064
3292,22.651474003569778,16.38555936934495,19.63344984524332,18.22920760117025,8.152499083278009,9.782066159279882,70.1841590021867,104.56470131335516,55.362355719309704,27.764902017014542,54.19773400406734,70.78827976248915,52.403024919614,122.67371962334043
3293,19.701078551782462,16.386333765691006,19.63346384449985,17.021935311991605,6.523038397385752,6.522434282593876,79.69125733706798,97.67739457818853,55.77012336582366,28.145237589075755,49.04959890595789,74.01835885337034,50.780112007606114,124.43749597191368
3294,19.902656632480234,18.228087863766724,17.331476754236046,19.700972137227765,4.612368415575851,3.261480523973091,79.15587558121938,94.11498183289773,53.779906885530814,27.7658904418894,53.308125602298375,76.78695246040371,52.199589481203994,124.5975630565143
3295,22.176252659175066,16.628147640394463,20.879963463785188,17.022289764863523,4.89169415937221,8.152262422108404,84.59407699082853,88.70469196709746,52.63004014019363,27.764918574648085,52.680940449027815,72.20073709399314,52.5801326803432,119.30085941966331
3296,20.429193385369793,16.62790428401802,17.332135447289836,16.626993175899987,3.262255268997225,6.5224002651296935,86.0893100071996,89.37695223690628,54.198271212635674,27.908175184658045,47.535275674931384,70.41161737955356,50.57031160156831,124.4375683352776
3297,19.70076634687298,18.228091811833306,16.304267904162533,17.022230514595474,3.2612042078080847,4.892640066778202,87.49823608710938,86.67414659125888,54.198271617129166,26.137874237951685,47.53525760944206,70.27940504691875,52.2758112325431,124.59761896691418
3298,20.429668118988754,20.428313869036,18.5900807713113,19.013372298511456,5.156948987540639,6.522322482073689,94.07107612378933,85.11157958275979,52.63100107380974,27.71700746614501,52.09746508338848,73.65822210474013,52.275852314412084,125.92367284331509
3299,19.901735022060848,19.083887630559584,18.589870346885746,19.70100121203001,3.6461771045412847,9.782114057229329,96.97966305569992,84.16901622313824,52.63100082071971,27.764927947423654,53.63082310330362,75.15933649912436,52.58006055953943,126.06071009366237
3300,22.650579258655974,21.874242863634887,19.90168372957426,20.42988622690707,4.611043581738206,8.313852672374924,97.83957880189942,82.05735982819208,53.779859886060635,24.456063749213627,53.10853370275468,75.15931753311868,55.81739874701754,127.68514415205246
3301,22.650566216707347,20.429778465193802,17.331459633718374,19.901814296440378,5.878449854700214,4.8916765836199385,97.8399803836252,78.43026940478757,52.20001871744595,16.30503466949323,51.0667131638448,75.01773406156494,55.4581037373548,125.92453158188307
3302,21.874893522444953,19.083149526779078,16.7868840966869,18.590242303297945,3.2610000348864085,8.15221564343245,98.50323029605123,82.05865090838438,47.05702396558466,14.674001770808138,47.95243515162245,75.0709225185852,55.65053431451817,127.54965229367399
3303,19.700820943947406,19.700792930745706,17.636275080799365,20.624066061509094,4.892285275842418,9.782000015405881,99.33660120888592,78.42987439365247,45.477400395262585,14.76425406098606,44.85893032095884,71.75757673237042,53.902782507575886,124.29858836512321
3304,21.195817806872768,19.0840668349583,15.381149116597499,18.59021937916773,6.521040776572494,6.723226148341568,98.70589752750028,79.40747632254563,47.72957824500855,14.764271419016957,50.01449049141236,75.01774476464571,55.53090501060872,127.43501239829408
3305,23.345242092415265,21.195844386290542,16.78692650818566,18.590219729768673,6.52109977944489,4.891796945929853,99.33568494297877,81.48965704818383,47.72958422151982,14.76427153508215,50.01449983762383,75.07086798875847,55.53089269311785,129.06172216559466
3306,21.195652007172527,19.699851565176775,16.786493610917507,20.168292517191475,3.261073147441522,8.313629812960382,98.50281780039418,79.40741739710728,46.68943810487733,13.044003394207605,44.35221163015614,73.44250267513199,55.52992273030478,126.06070580281697
3307,21.75218951907142,21.874116376245407,16.786597927033316,20.168051212439984,4.891002888964204,8.152078793103252,99.3360803881814,77.86974258914404,46.375117528252005,14.674007845516348,46.94424072156561,73.38815082442737,53.90278481959525,125.923518406258
3308,22.709999367177684,21.195420260810653,16.7865342916482,18.590211574094994,6.722643444943485,6.723263277608263,99.33659943352015,79.40747543854867,46.11540716339825,16.30401377401436,49.04875842257271,75.07087024172932,55.817370129278764,127.54974238856798
3309,21.752205606566186,21.87411385714252,16.786701806827992,20.16806168340473,4.891006964676721,9.782039896250867,99.98940390512185,77.86973402119412,46.375118398658174,14.67400651350119,44.858964527060785,71.75756613684473,53.90276527410333,126.06070603273184
3310,21.19546074664294,22.6505146543352,21.258609653809096,22.709592771169184,3.2610740881378573,8.313372847172184,100.66488075096308,75.38941660903984,44.7704911108629,13.044001787612594,44.35314548670709,68.49843274483362,55.458024804444705,124.43748789884953
3311,20.62341307904356,21.874111639616327,15.3812376605702,20.167079763942265,6.521012256195291,8.152150599731568,98.70589888466387,79.40743999051129,44.50236133282312,16.305011628261084,46.944606907656926,73.38814546835644,53.90273445647287,127.54965378609339
3312,22.177152882189404,21.195402265269884,16.786504437050134,20.16732345289281,8.313394691662948,6.72324401780932,99.33659999732664,79.40745243738824,46.11539612614228,14.764379874168842,48.47644877666677,73.38713666036585,55.5308238514656,127.54965646929374
3313,22.70905449376986,22.650520641935774,20.42929473845272,23.3443342329881,3.645693196315914,8.152024861204042,100.83686670899756,73.874747242719,46.37422416042024,13.145462541434155,45.91357483754547,70.1279760568203,55.43409565498804,122.81445031630602
3314,22.65056512108641,20.428343769536447,21.258432402968037,25.520273999568463,3.6456853208044633,8.152174570168423,101.48051657152703,73.00626971630966,49.88184209004277,13.044027048657004,49.048976188123206,70.12794681267387,57.088480073484384,121.0488907060621
3315,21.753199416772762,24.072486307630925,16.786669984717253,20.168061801497608,6.521016281469032,8.152061044687029,98.70496667003678,77.8697305931559,46.375117545964535,14.764261292042868,46.40330912982629,73.38814376795206,55.458067163353505,127.54972919902073
3316,21.75317655672906,22.650517236417837,19.014135385276802,20.16805519032517,4.891009936596039,9.782004530883466,100.83724240497385,76.90757746018016,44.7704419374927,14.674012408366307,44.8589327308122,71.7575591811378,57.15819394614075,127.68509270741349
3317,21.874597695014558,20.42919247914647,21.25843290592005,24.834119694060472,4.611760485478912,8.152217071391176,100.21559564274749,72.36677315294939,50.22692991786627,14.674089231644851,49.04924340372889,70.12794588070275,57.08845716942261,122.8144493427908
3318,23.343877541319053,20.428319665399343,21.25844318178077,23.344760142065336,3.646142691761999,8.313672507197326,102.97532837782306,73.0062255175203,46.68857758465559,13.044033721038886,46.4032662119169,70.1279492569263,58.71776534774653,122.81444837679761
3319,21.753179881222028,21.8745602511688,17.63643480824125,20.62408524227114,6.521006946195058,8.152034873822902,102.34146010320993,75.389405076946,44.77044892052798,14.764368938948106,46.94419815133986,70.12798287138799,57.08837917820446,126.0607075173893
3320,23.73950282097674,22.650518711275435,19.901869274542918,22.709603914545156,4.891000029809875,9.916880501805023,103.85040268773953,73.8750818577555,45.09600484633455,14.674000579788197,44.859870938539785,68.49842724469687,58.71771216626546,126.06070658125938
3321,21.87458742214539,21.874114458146607,21.258438532860882,24.834118541079434,3.646197778965019,8.152218233247973,102.34108258800009,73.00660766324624,48.641000293396985,14.674060754783433,47.95239049384592,68.497398180911,60.348188659367366,122.81444812067905
3322,24.238378076933806,22.650518109396476,19.013523578737402,23.34433908694791,5.155464789158799,8.313379108769716,103.8504017859969,73.00660704148434,46.37419233771824,14.76425334916874,46.403262385941886,68.49842336785727,57.06509711986411,126.06070750893642
3323,22.70998355239216,22.650539761702845,19.901824065986524,21.87500857470747,6.721647015371246,9.78200056272354,103.85040290479932,73.00661805719922,46.688331211401,14.764253324127953,46.94418936853095,70.12796916677175,57.06508031148401,126.06070637318749
3324,24.072572229910975,21.257635166796838,22.65051689756967,25.520260249815347,3.6456936491817498,8.152186264534485,102.34108738893491,73.6770089600116,48.640000628540335,14.674035568700258,49.50670470530322,70.12794794785678,57.08844651043655,124.29850899114581
3325,24.072521005210092,22.65053161101906,21.258429095507537,24.834116971346038,3.6456855794159133,9.783156741749634,102.34108492257629,73.00661421699486,48.641001952316785,14.674044745490024,49.50766119430685,68.49739758131483,57.06513575971388,124.43748691922977
3326,22.176802420004957,22.650516325349884,19.901909239809214,22.70961861624496,6.72187702667708,9.78200006106362,102.34145977123988,75.38941814754384,46.374156832126964,14.674000905128613,46.40326992702067,71.7575524855273,57.08834893258679,126.06070814773209
3327,23.73950850630844,22.65051441760135,19.013492339698438,23.344369899988585,4.8910004254344726,8.313392066302645,105.3620512294786,73.67698162523772,45.096007872609306,16.385282745886784,44.35314548100107,68.49840770486935,55.43508845255721,125.92359775977494
3328,21.874178264065108,19.014792465451713,21.874650501767203,25.52025918206996,3.645688952187246,6.723135401172626,101.72900960840845,73.00662867994053,50.62243919931303,14.764470253085271,49.04827877621693,71.7575180153028,58.69606538804595,122.67363238417985
3329,24.072607399030822,20.429715621866453,20.429725691505734,25.52027532706907,3.645685686647183,8.152347774758,102.34109422957961,73.00665394931505,50.22691537338507,14.67405411540735,49.506705944232515,71.75751841007964,57.06508404315062,121.04889077381854
3330,23.34388291989154,21.257595569785344,19.902502258047868,23.344753296798864,3.6461347857237034,8.152150581496933,105.36169225659218,70.86344619013221,48.64100345223356,14.67403594177428,47.952388580816695,68.49739928304007,57.06508967628009,122.67271740927167
3331,24.07251833116793,21.25760061115912,21.258429377866122,23.344754913750485,3.645689838266709,8.152157670997525,103.84910917169697,72.36639908504722,48.64101506813592,14.67403458479911,47.95238819455885,68.49739732180099,57.06508226433057,122.81444969939724
3332,22.650606162764852,19.902546139345056,20.42893997693371,25.520244701983664,3.645685605106554,6.522576538859826,101.72901104862395,72.36639782375683,49.04832147647913,14.67411973105315,49.04827749116998,70.12794629360347,57.06507222943326,121.19159640911164
3333,21.874219930962074,19.01477182830481,21.874649888270582,25.52025064915314,3.6456854505326075,6.522564621683838,103.85041198572809,70.86292372368602,50.22688531357494,14.764404062440173,51.06670009457985,71.75751610343139,57.088390959986974,121.0488911550044
3334,24.07262976077548,19.014782785408155,20.429290909648397,25.520259902256818,3.261001972794429,6.72332299302673,103.63265861817422,72.20046499653598,50.22688244723977,14.764366468895572,51.066700019870964,71.75752052760569,57.065090495419206,119.42330575625658
3335,22.65070938078626,19.014301435230873,20.428487613870157,26.34072196303695,3.6461341783845618,6.522473896718685,102.34239009174105,71.516232991213,52.19905205126795,14.674012245049012,51.06670192203723,75.01771264719353,57.06508085935062,119.42331455988102
3336,22.650631150381958,20.429705196245543,20.429723396934783,25.52026154971334,3.645685267003879,8.152387855621487,102.34239766546288,71.51625174725977,50.226906224554845,14.764379881558687,49.50670503080737,71.75751816415887,55.43509230762493,121.0488960717281
3337,24.072519577385332,21.258437719856055,22.650561023837824,24.83411859657349,3.645695946398183,8.152430173114317,102.97572782688245,73.00662636339183,48.63999286197658,14.674081177917047,49.04924192556115,70.12794585950792,55.43510109730694,122.81444837562346
3338,23.343532710174767,21.25762059934264,20.429677082217463,25.520261406226176,3.6457257091388735,8.152214967529053,101.48092003162138,73.00667816801723,50.22690086900925,16.385378445038572,49.506704826437264,71.75751770033403,55.435095684845756,121.19159926624776
3339,24.072653862170792,20.42925426075616,21.874203313242162,25.520258610483598,3.2610004744067664,6.522479518551332,102.97664392042236,72.20044920393666,51.815560269752766,14.674005563488224,51.06670046779353,73.38710610638,57.06508818273254,119.56795817886376
3340,24.07269429887426,19.01429759237408,21.874268788060608,24.83373214828773,3.6461328786440386,6.522490738980135,102.34238772033098,71.51622525502887,50.622401331560866,14.674019559537202,50.62241099536161,73.38810410959259,58.69605808566511,119.42331355650586
3341,24.072677837287785,19.90256110394835,20.428504885618,25.520256295764945,3.6461334403672154,8.15240691012812,103.85040504490843,71.51621086380736,50.62240999611703,14.674028650169944,51.066700877469074,73.3871067454503,57.065083828756165,119.5679604205
3342,24.07253365249751,21.25844619315736,21.87462277910511,25.52024428389323,3.6456902018707162,8.152396763216368,105.3620622963914,70.86292850859449,48.6399861466577,14.674083911461878,49.50670549913536,70.12794580231204,55.43507144719852,122.81444878620594
3343,24.07254641079836,22.650537980900644,21.258445968587857,25.520243912868118,3.6457007173778186,8.313686683806209,105.1212557232875,73.67701204505516,48.63999687526129,14.6740344329881,47.952387540559066,70.12794720481926,57.06509542261507,121.04889078625838
3344,22.650697829639014,19.014260281174437,20.428537864375865,25.520253106663542,3.6461348287352275,6.723380274576911,102.34200521160186,71.51620201344096,50.62240837022594,14.674101806411198,50.6224053466428,73.44139048622957,58.69606757941078,119.56797157662427
3345,22.650812658890928,16.786390483044507,19.700074405232122,24.833724398540294,3.2610243112347623,4.8916773821682265,101.72993201653685,70.86254343237786,50.62240123163718,14.674050884426405,50.622411335771524,73.44238906666807,58.696042895628324,119.56796997274651
3346,22.650704349103112,17.635648229487963,20.42860289442248,25.52024417843131,3.6461412918865426,5.156461005981668,102.34200493482231,71.51619995386528,52.19905490102299,14.674110201197868,50.62240634813071,73.44139118141914,58.696045686389745,119.5679598565951
3347,22.650659492117963,19.01478224623483,21.25775441634415,25.52025504381432,3.2610021573131713,6.522525204124674,102.66610927340157,70.24100959194689,50.62241552703673,14.764453574480834,50.6224012290689,71.75751625155601,58.69603965629109,121.19160179451548
3348,22.650638392769718,19.01477982095042,20.428986088947447,25.520246860157236,3.645685900790843,6.522549734660873,101.72901250551158,72.36639550150952,50.622432321231756,14.764500972231465,49.04827715572798,70.18475249829545,58.71870470500933,121.19159762674727
3349,21.87421998767459,19.014778103339367,20.4289887645479,25.520243931661042,3.6456854290639424,6.522645875756373,102.66517521753913,71.18151609665249,49.048321256820394,14.674158266538097,49.048278576273674,70.18475273687636,57.06504371594947,122.67363112132796
3350,22.650709501191386,19.014277750575086,20.428548848955437,26.98892738172821,3.646133725547661,6.52255567082755,103.2469012329339,70.86252032807876,50.6224196894668,14.7644518837712,50.62240217515467,71.75751618510785,57.06504922806897,121.19160364566802
3351,22.650782545963256,16.786381581821832,18.22865652270441,24.834116978598317,3.2610033481934906,4.891684172115079,101.72993102923094,70.86290175177345,50.62240134355331,14.67404547447715,49.04925531974187,73.44238901400499,58.696036646847766,119.56797453999134
3352,22.650802334067695,16.786869897279114,17.56032527538776,24.834117156091967,4.892000270889661,6.522537251808197,101.72993063120877,70.86291784076927,50.622401414776796,14.674077511483452,50.62241583393638,73.44238916732601,58.69604950090675,119.56799047357046
3353,22.650726382293318,17.635645367449385,20.428541405198917,24.833728551510657,3.6461343336779386,4.891644167423586,101.72993491939644,70.24099309494146,52.19905582423295,14.674088101848113,50.62240783162022,73.44139005066279,58.69606336497368,119.56796814707496
3354,21.874195991218567,19.014774587163092,20.42899217457081,26.988912883955216,3.645698502335203,6.522663671539843,101.72901130072539,71.75789131909296,50.62243154899868,14.764512222263486,49.048277378241245,70.18475257257512,58.71870856048969,121.19160007066287
3355,22.650650232079467,17.636191722370036,21.257836134697133,25.52024394175583,3.261003356796978,6.522620269677028,103.24689677518161,70.24098165770877,50.62241144163597,14.764479575803641,50.62240375874778,71.81303460111884,58.69604483325265,119.56796094971885
3356,22.650738149557924,16.786403326703258,18.228761576143537,25.52024536901325,3.261001417920752,4.891736028346704,102.97663678974602,70.86253583761336,50.62240205888469,14.674064461321695,49.04924784132806,71.8130331350398,60.326055802570124,119.5679869700185
3357,22.65080259640701,16.058139388924467,18.228659250592813,24.833723270146677,3.261003762971787,4.891720567824903,101.72993175787735,70.24101647272951,50.62240143017181,14.674057779293372,49.049256549671824,73.44238933541205,60.3260510849671,119.56799185038464
3358,22.650694786209595,16.786425971938584,18.228801505321133,24.833723048458936,3.261005357235887,4.891727742769031,101.72993126150931,70.24102389201151,51.81555192332479,14.674107807631794,50.62241068338967,71.9055352684142,60.3260377579617,119.56798871886923
3359,22.650694159847323,17.635655148164297,19.013683057208002,25.52024461423215,2.3058895555520205,4.891667153371046,101.72993252256381,70.2409980340423,52.199049707923685,14.674124310527029,50.62241467541399,71.81303318630398,60.3260438410098,119.56797965908812
3360,21.874211812910826,17.636200016727596,21.257816055082966,25.520244583250868,5.1564244428930115,6.522603273548118,101.72993326800352,70.86289128530164,50.622407519972036,14.674167801649787,50.62240379659583,71.81303334034855,60.326037335113035,119.56796469608825
3361,23.34348126487905,19.01479357545612,20.428954443735595,26.988918192488036,3.645697114792196,6.522597791496623,101.72900709404489,71.75790117583496,50.62241633824021,14.764458972704515,50.622401420023145,71.81303365390583,58.696044654214994,121.19160585961406
3362,24.072639642129847,19.014281089983257,20.428546537108275,26.988928635440548,3.646134933346415,5.156424784984696,102.6661028350848,70.24098506787728,52.19905023991587,14.674065960871355,50.62241072440768,71.75751620581887,58.69606471213618,119.56797081635565
3363,22.6507114160311,16.78640313712983,20.42946172258052,24.83372417772575,3.261013799904741,3.2616398952099472,101.72993241247977,70.86292298906181,52.19904972423254,14.674136008162128,50.622415265826625,71.81303416322632,60.326043730164876,119.56799138266817
3364,22.65073964614062,19.0142729519285,20.428495974546106,24.83374006561234,3.646133169473664,4.891557142493195,101.1404290831811,70.86289905188369,52.19904969476066,14.67409379420601,50.62241892108248,71.81303383147862,60.326043393674055,119.56797050623034
3365,22.650680854601116,19.014242110643664,19.901858828567356,25.52024658211917,3.6461336942295555,3.2617661843909285,103.85002801295849,70.86252086489424,50.62241196553306,14.674119472656455,50.62240311763796,71.81303572392838,60.326033900084234,119.56795875804863
3366,22.651378189425888,19.013977088826344,21.258647663031162,26.98801311422123,3.6468942628446284,2.3052030412701114,103.24689303855585,70.24098985948568,50.622434886206584,14.764551046321147,50.622401266321226,71.81303338976306,60.326037238383535,121.19161298334404
3367,23.34346349923694,19.90252232766495,22.650660033445583,26.3410703614553,2.305274378078447,1.6322359324096174,102.66517538919001,70.63779224441208,49.0483357402508,14.674153258309502,49.04827939816428,70.18475248261092,60.34809240068173,121.35606013359372
3368,23.343472108878366,19.90252199769564,20.428908551939827,26.988913392758363,2.3052097313713062,3.2620437198394745,104.76725881013954,71.75791037920737,50.622443689342234,14.764539791872956,49.0482788022198,70.18475248326827,60.34808449257521,119.5679459123735
3369,24.0726856962003,19.014271146680926,20.428529418914092,24.833762322234634,3.6461368320896934,4.89153717609109,101.72993500054459,70.86253727466325,52.19905598471708,14.674073425918257,50.6224033533221,71.8130344527239,60.32603456055662,119.56796273143169
3370,22.650767838996046,16.786384173714545,18.228678784840607,24.83372318818754,3.2610137446849494,3.261718362505285,101.72993081401552,70.2410013400534,50.622402392463314,14.674095219016687,49.049252752695395,71.9055353758081,61.957026893823674,119.56798428626226
3371,22.65064096228126,17.63617658101941,19.901868099476577,25.520245544778174,3.2610081439555096,3.647000884821587,101.72900393898792,71.7578730652994,50.62241935695118,14.764494535091098,50.62240122870437,71.81303539371125,60.3260302660803,121.19160702534191
3372,24.833759926696732,19.902508130086566,22.65059464322668,26.98891318761546,3.6456861344312324,6.522686836651414,103.24597331692897,70.24194593213285,49.04834164524471,14.674118900335493,47.95238945798872,68.49739835930292,60.326056506618734,121.19060087721329
3373,21.874166759251025,19.902520479447794,20.4289329439566,25.520244010659482,5.156433504582843,4.8918212797714915,103.24596827162527,71.75790259334678,49.04833687083618,14.76452291559517,49.04827919647843,70.18475256478716,61.957039517560354,119.56794672508836
3374,24.072678868015466,19.01427782723351,20.428549791364865,26.340709789477145,3.646134664545601,4.891674605916586,103.2468974646882,70.86252460396156,52.19905797446897,14.674074693567542,50.62240304518165,71.81303413928413,60.32603222197857,119.56795609627811
3375,22.65078769597752,16.786398077551457,20.428561067214144,24.83372820339758,3.261004222858989,3.6464597451228147,101.7299346182565,70.862905365633,52.19905341096151,14.6740686533343,49.049247755977106,71.81303439252926,61.95703242806346,119.56796463683422
3376,24.07269508956306,17.635635808675964,20.42860763043391,24.83373291759617,3.6461324756892837,4.891599372835963,102.3420033160947,70.86250430067805,52.199054758552975,14.674065718228482,50.622404526419096,71.81303415216915,60.32604311704748,119.56796023823713
3377,24.072692142552178,19.01427032149314,20.428595207053114,26.988922366858663,3.6461328082626205,4.891608502294127,102.34200695765446,70.86250492494308,52.199054243858065,14.674052452721584,50.62240521244071,71.81303524606786,60.32603783744091,119.56795928811745
3378,22.65063766864462,18.589946737433703,19.013676870642318,25.5202438695421,3.261048122407297,3.6469832993214317,103.24689251422001,70.86288947926582,50.62240813352763,14.67416484499286,50.622405125513986,70.18475601231074,61.957024062700356,119.56795976869478
3379,24.072632362246413,19.90254824629494,21.257807183045838,26.988928654901194,3.646132481313462,4.891668342997223,103.24689790889558,70.86251306098862,50.622419134147286,14.674081594233567,50.62240150366461,71.8130346514476,61.9570279855042,119.56795301747418
3380,22.650661248807342,17.635632395172195,19.013679765626605,24.833724857298463,5.1567421009878345,4.891626007938076,102.34238617860447,70.86290220857819,52.19905676211191,14.674157964794551,50.62240329991694,71.9055361620675,61.957021409772885,119.56796939028492
3381,22.650742914822168,16.786384628445585,18.228679027078567,24.833725512107996,3.2610077401050668,4.891573056403144,101.72992880254617,70.86289777437706,50.622402103778995,14.674070250098824,49.049251552625186,73.53284166356016,61.95703641947128,119.5679808303645
3382,24.07270520631766,17.635630841652333,20.428585351660587,24.833730337658107,5.156727751604638,4.8916127842078,102.34200202962656,70.86250675507058,50.622404647184005,14.674054955110375,49.0492487388786,71.8130336435148,61.95704142392559,119.56797520545332
3383,22.65065426077361,19.014265479594915,21.25775509149732,25.520245224488463,4.892015903559239,5.15645811101239,101.72993129693268,70.24096608635904,50.62241017249496,14.674141733165328,50.622405145580046,70.18475463693572,61.95702736171249,119.56796274227929
3384,24.07267465881277,19.014274307690496,20.428602899770546,24.83373135606036,3.646138144753167,4.891624920549836,102.34200209354829,70.86249898577312,52.19905256015434,14.674094715338605,50.6224063193561,71.81303400367756,61.95702173522074,119.56796764370523
